  -7.7402232e+00
  -1.2222638e+01
  -1.1190586e+01
   4.0021640e+00
  -9.6740441e-02
  -1.2168417e+01
  -1.0363529e+01
   3.2380809e+00
  -2.1813686e+01
  -9.3899521e+00
  -1.9937736e+01
   1.3039848e+00
  -1.4025340e+00
   2.2662600e+00
  -1.6117358e+01
  -6.1187045e+00
  -2.1552756e+01
   4.6757873e+00
  -1.6222932e+01
   6.7495761e+00
  -1.4365685e+01
  -5.4735530e-01
  -1.6930544e+01
  -2.9632123e+00
  -1.2473056e+01
  -8.6255499e+00
  -9.5780266e+00
   1.0998284e+01
  -1.0564253e+01
  -1.7415612e+01
  -1.1822086e+01
  -1.4385772e+00
  -2.1435645e+01
  -1.1611119e+01
  -2.3667015e+00
  -1.1510076e+01
   5.3144460e+00
  -1.7119559e+01
  -2.3616328e+00
   7.7667599e+00
  -2.6906593e+01
  -5.2968683e+00
  -1.2726749e+00
   7.8163719e-01
  -3.8350123e+00
  -4.5983282e+00
  -9.9423996e+00
  -1.9632939e+01
  -4.2082273e+00
   8.1230844e+00
  -9.9352074e+00
   1.0298284e+01
  -3.8874126e+00
  -2.3439905e+00
  -2.2437872e+01
   5.4389481e+00
  -2.1642561e+01
   8.1149159e+00
  -1.5373602e+01
   1.2587545e+01
  -2.5849551e+00
  -1.7907794e+01
  -3.2390177e+01
  -4.1492309e+00
  -1.0469088e+01
  -4.8338192e+00
  -6.9707409e+00
   5.5690081e+00
  -1.2819965e+01
  -5.7894782e+00
  -1.3041651e+01
  -2.6706894e+00
  -3.8029247e+00
  -6.3261477e+00
   7.0823579e-02
   3.5281813e+00
  -1.3046075e+01
  -2.9528706e+01
  -9.5464485e+00
  -1.2202402e+00
  -1.9468594e+01
   2.8734672e-01
  -1.6405165e+01
  -7.2709206e+00
  -1.3572046e-01
  -1.8116366e+01
  -2.9630657e+01
   1.0246208e+01
   1.5252754e+00
   1.7203353e+01
  -2.4229076e+01
   5.9210988e+00
  -1.6231358e+01
  -1.0763408e+00
  -1.2380502e+01
  -1.8183636e+00
  -3.8163384e+00
   7.6713875e+00
  -2.5411553e+01
  -1.1850127e+01
  -1.2189891e+01
  -6.8636269e+00
  -9.4916411e+00
   8.0870556e+00
  -5.6334516e+00
  -6.3886991e+00
  -1.8501722e+01
   2.9424515e+00
   1.1687640e+00
  -2.2730530e+00
  -2.1793812e+01
   1.7317319e+00
   3.5469164e+00
  -2.4895964e+01
  -1.0847378e+01
  -6.3496595e+00
  -8.7162031e+00
  -8.8854457e+00
  -9.1645186e+00
   1.9756315e+00
  -2.2036806e+00
  -6.8880941e-01
  -1.3303800e+01
  -1.3699643e+01
  -1.1692836e+01
  -1.5871600e+01
  -2.8805196e-01
   2.6943013e+00
  -1.4970400e+01
   9.6446195e+00
  -2.0885092e+01
  -1.7869252e+01
  -8.0569079e+00
  -3.4620546e+00
  -7.8102321e+00
   5.4557643e+00
  -1.0346963e+01
   4.0306355e+00
  -2.4651933e+01
  -5.8054202e+00
  -1.6347836e+01
  -1.8343440e+00
  -1.0246520e+01
  -2.0064588e+00
  -2.1159769e+00
  -9.6495450e+00
  -1.5294445e+01
   1.1006656e+01
  -1.4128545e+01
  -3.1800031e+00
  -1.3189545e+00
   1.4301027e+01
  -6.8009604e+00
  -1.4161971e+01
  -2.1746293e+01
  -1.8767954e+01
  -1.2279045e+01
  -8.4295446e+00
  -1.1034147e+01
   1.2739514e+01
  -1.5500715e+01
  -8.4846294e+00
  -1.2253374e+01
  -1.6283487e+01
  -4.1498155e+00
   1.9956548e+01
  -5.8698798e+00
  -2.7363006e+00
  -1.4495949e+01
  -1.1564560e-01
  -2.2318690e+01
  -6.2382265e+00
  -1.0008680e+01
  -7.5807218e+00
   6.7977601e+00
  -2.3376782e+00
  -1.8727792e+01
  -2.3655619e+00
  -2.2947982e+01
   5.6929941e+00
  -1.3142175e+01
  -2.5014549e+00
  -9.6734848e+00
   2.1983976e+01
  -5.9691426e+00
  -2.4354510e+01
  -2.2035736e+01
  -9.9518189e+00
   1.7368400e+00
   2.0870120e+00
  -1.2794222e+01
  -3.5511210e+00
  -4.8341223e+00
  -2.3627564e+00
  -2.8143689e+01
   1.6993710e+00
  -2.9572136e-01
  -1.4654268e+01
  -3.7290919e+00
   6.2170126e+00
  -1.4613128e+01
  -1.7419923e+01
  -2.5094758e+01
   3.6150122e-02
  -3.1648100e+00
  -1.4849218e+01
  -2.0486426e+01
   1.1259641e+01
  -4.2091231e+00
  -4.1044145e+00
  -1.9638258e+01
   8.3635208e+00
  -3.9173814e+00
   8.4787006e+00
  -8.5744262e+00
  -1.4643507e+01
  -9.3193309e+00
  -3.0994836e+00
  -3.3411715e+01
   6.4977741e+00
  -5.8842535e-02
  -7.6791993e+00
  -7.1523326e+00
  -3.8160759e+00
  -5.9953104e+00
  -1.3900624e+01
  -8.3780179e+00
   3.4813367e+00
  -5.8548470e+00
  -7.3611603e+00
  -2.3076409e+01
   9.1286437e-01
  -9.3945759e+00
  -1.5626168e+01
  -5.0217494e+00
  -5.1812710e+00
  -1.2642216e+01
   9.6814653e+00
  -1.1507556e+01
   2.8751724e+00
  -2.1216416e+01
   1.0266317e+01
  -1.0702872e+01
  -6.8244732e+00
  -1.5967525e+01
   3.7385622e+00
  -1.4425853e+01
  -1.9136719e-01
  -1.9919122e+01
   6.2577147e+00
  -1.4421495e+01
   3.9161924e+00
  -1.3619964e+01
   1.9934094e-01
  -2.2321269e+01
   6.1333100e-01
  -7.7882716e+00
  -8.0273028e+00
  -1.9306956e+00
  -9.1767939e+00
  -1.0095826e+01
  -9.1600849e+00
  -2.5709879e+01
   9.8574932e-03
  -7.0835892e-01
  -5.6537449e+00
  -1.4374094e+01
  -4.5258932e+00
   1.8550077e+00
  -1.1832877e+01
  -7.2588719e+00
  -1.6867148e+01
  -3.4635736e+00
   2.4229830e+00
  -3.5300105e+00
  -9.9461550e+00
   5.8207834e+00
  -1.7055591e+01
  -2.2997890e+01
   5.5450932e+00
  -7.0388165e+00
  -5.2850415e+00
  -8.0837723e+00
  -5.0254128e+00
  -2.0765209e+01
  -1.6500154e+00
  -2.3234489e+01
   7.6081386e+00
  -2.1754827e+01
   6.6045572e+00
  -2.0002932e+01
   1.7620669e+01
  -1.0473482e+00
  -2.2881616e+01
  -4.2601002e+00
  -2.4172483e+00
  -8.3502372e+00
   2.6369695e-01
  -1.7603057e+01
   7.1519960e+00
  -7.5166002e+00
  -2.0454123e+01
  -7.8702579e+00
   1.1294587e+01
  -5.7597945e+00
  -1.3532334e+01
  -6.2425224e-01
  -4.2319381e-01
  -2.6330357e+01
  -1.1694865e+01
  -8.2786875e+00
   4.3607418e+00
  -3.4756358e+00
  -9.3860728e-01
  -1.5571369e+01
  -5.5938792e-01
  -1.6637686e+01
  -1.9354982e+01
  -5.1366523e+00
   1.2188552e+01
  -3.2793578e+01
   4.2521424e+00
  -1.8281322e+01
  -8.1355352e-01
  -8.6714872e+00
   2.1455121e+00
  -1.4723307e+01
   8.4733508e+00
  -8.2220035e+00
  -5.0733459e+00
  -3.3497257e+01
   3.2752284e+00
  -1.0575837e+01
  -5.6591747e+00
  -1.4123354e+01
  -4.3893005e-01
   8.6660046e+00
  -1.8848329e+00
  -2.6622731e+01
  -8.8960765e+00
  -4.6601964e+00
  -1.3337152e+01
  -1.0825694e+00
  -2.1622804e+00
   7.0591966e-01
  -1.5375609e+01
  -1.6949226e+01
  -9.3504309e+00
  -1.6194341e+01
   8.9675124e+00
  -1.8160111e+00
  -5.8618212e+00
  -7.5836065e+00
  -6.9900073e+00
   1.0759889e+01
  -1.0469166e+01
  -7.5078397e+00
   1.4516287e+00
  -2.8636270e+01
   6.6065675e-01
  -5.1318288e+00
   1.4374721e+00
  -2.8363040e+01
   5.3148044e-01
   8.7475860e-02
  -1.0288667e+01
  -2.1984296e+01
   7.8746013e+00
   3.9164806e+00
   7.3140739e+00
  -3.0116405e+01
  -6.4022441e+00
  -1.4838554e+00
  -7.2342218e+00
  -1.2327852e+01
   8.7411048e-01
  -2.1248980e+01
  -1.5563354e+01
  -1.1205878e+01
   2.5097010e+00
  -1.0278238e+01
  -4.8397570e+00
   1.0173041e+00
  -2.8498988e+00
  -3.1241570e+00
  -1.8718085e+01
  -2.0630929e+01
   3.3318361e+00
  -9.5435952e+00
  -1.0603187e+01
  -1.2382707e+01
  -1.9370913e+00
  -1.7772520e+01
   5.4945389e+00
  -1.7466579e+01
  -9.0266851e+00
  -6.4051123e+00
   2.8715380e+00
  -1.0484587e+01
   8.1186427e+00
  -2.3445803e+01
  -3.2309831e+00
  -8.0535078e+00
  -1.1576540e+01
  -1.6637621e+01
  -4.4207352e+00
  -1.3390555e+01
  -3.0806840e+00
  -4.6623433e+00
   6.7063969e-01
  -1.9672918e+01
   2.0346059e+00
   1.6489703e+00
  -1.3708987e+00
  -3.6122870e+00
  -6.8131334e+00
  -4.9993223e+00
   3.2844087e+00
  -1.1429459e+01
  -1.1710172e+00
  -3.5434844e+00
  -3.2798084e+00
  -1.3663556e+01
   4.2143593e+00
  -7.7804703e+00
  -1.8931614e+01
  -1.3890015e+01
   9.5497094e+00
  -1.6830046e+01
  -1.7574811e+00
  -7.7224923e+00
  -5.1739437e-01
  -2.6432526e+01
  -1.4402889e+01
  -2.3002854e+01
   1.4139904e+01
  -3.9224830e+00
  -1.2668980e+01
  -1.7720767e+01
   8.8183592e+00
  -1.6664096e+01
   6.9628282e+00
  -1.6390330e+01
  -1.0257293e+01
  -2.6570742e+00
  -3.4674251e+00
  -2.1617034e+01
  -7.2943768e+00
  -6.7504723e+00
  -3.4227374e+00
  -2.0280611e+01
  -2.3904730e+00
  -4.3226230e+00
  -1.4976809e+01
  -1.1079303e+01
  -2.3238853e-01
   1.4182690e+00
  -4.1479311e+00
  -1.5425730e+01
   8.6296998e+00
  -2.3407385e+00
  -6.4405695e+00
  -1.3359280e+01
  -3.9281274e+00
  -1.5104701e+01
  -6.1964139e+00
  -7.0639417e+00
  -8.3756491e+00
  -1.2149583e+01
  -4.0877909e+00
  -1.6055824e+01
   1.1422362e+01
  -9.1204532e+00
   3.6534699e+00
  -1.2035044e+01
   2.2471309e-01
  -1.9809529e+01
   4.5326916e+00
  -8.7805737e+00
  -3.5258514e-01
  -1.0633170e+00
  -1.4728327e+01
  -2.0422958e+01
  -1.4608016e+00
  -1.0189734e+01
  -4.2319480e+00
  -1.0146936e+01
   8.5492424e+00
  -1.5102160e+01
   9.2658039e-01
  -2.4906048e+01
  -3.1293020e+01
   1.2978292e+01
  -9.5309948e+00
  -5.0636429e+00
  -4.7381797e+00
  -1.7084456e+01
  -7.6234407e+00
  -4.6257480e+00
   5.2560442e+00
  -9.6324851e+00
  -4.1263103e+00
  -1.6128661e+01
   6.5771140e+00
   7.9385174e-01
  -2.9076753e+01
  -1.8857526e+01
   4.1862972e+00
  -8.4332247e+00
  -1.1602251e+01
  -8.4189140e+00
   1.1388220e+01
  -1.4857346e+01
  -2.8163134e+00
  -8.5406402e+00
  -9.8159765e+00
   3.4547856e+00
   2.5613761e-01
  -2.0089184e+01
   1.3531079e+01
  -3.2188576e+01
   4.7630762e+00
  -2.3651473e+01
  -4.6884309e+00
  -1.0934435e+01
  -3.0372232e+00
  -7.9132733e+00
  -3.0932407e-01
  -4.5833329e+00
  -4.6312843e+00
  -2.2489893e+01
  -1.7299779e-01
  -3.9356588e-01
  -5.0849333e+00
  -6.3708388e+00
   9.3065857e+00
  -1.1514285e+01
  -7.3686577e+00
  -1.1367565e+01
  -8.9336042e+00
   6.3047038e+00
  -1.7889401e+01
  -1.0551769e+01
   6.0090121e+00
  -3.4702487e+00
  -1.0637495e+01
  -2.0499904e+01
  -4.2009814e-01
  -2.2237217e+01
   6.9898000e+00
  -1.2077136e+01
  -6.9448034e-01
   9.3965481e-01
   8.5835198e-02
  -2.2738886e+01
  -3.9282856e-01
  -1.2572275e+01
   2.3938119e+00
  -2.6010862e+01
   7.0883367e+00
  -3.3896679e+01
  -7.2837693e+00
  -1.6427170e+01
  -8.5346700e+00
   1.5209275e+01
  -6.8642582e+00
  -1.4662184e+01
   3.9564289e+00
  -1.0178710e+01
   4.2538286e-01
  -2.0150857e+01
   9.8741195e+00
  -8.4939843e+00
  -1.1883910e+01
  -2.6288891e+00
  -1.3565960e+01
  -5.1630911e+00
  -2.9185784e+00
  -1.0575400e+01
  -2.3543595e+00
  -1.6233663e+01
  -2.1105609e+00
  -4.9534808e+00
  -5.1415727e+00
  -4.6781225e+00
  -2.3881152e-01
  -1.6019143e+01
  -3.4910930e+00
  -7.0001309e+00
  -8.4248703e+00
  -2.3256334e+01
   1.0585206e+01
  -1.2197444e+01
  -3.9884015e+00
  -1.4101120e+01
  -2.9256546e+00
  -1.7288223e+01
  -3.6304178e+00
  -1.6238187e+01
  -1.1617032e+00
  -6.0589826e+00
  -4.4818135e-01
   2.0367936e+00
   3.5177227e+00
  -1.7766293e+01
  -2.2852576e+01
  -6.5707526e+00
  -1.0802008e+01
  -1.1610122e+01
   5.3463205e+00
  -6.2713439e+00
  -6.6071419e+00
  -9.6517731e+00
  -1.3672078e+01
  -7.7645161e+00
   5.2075151e+00
  -2.0994157e+00
  -1.0838951e+01
  -1.0831801e+01
  -5.7313846e+00
  -1.2759318e+01
  -6.5434621e+00
  -8.1235941e+00
  -1.0159901e+01
   7.8576305e-01
   8.8170057e+00
  -1.6927039e+01
   6.0699160e+00
  -1.4377570e+01
  -6.6405746e+00
  -1.8778812e+01
  -2.6915312e+00
  -1.0703523e+01
   9.0356852e+00
  -1.7074516e+01
  -1.3562995e+01
  -1.3320269e+01
  -1.0584802e+01
  -2.6371936e+01
   4.2591445e+00
   3.7968655e+00
  -4.5127661e+00
  -1.1941004e+01
  -2.9688025e-01
   2.5759555e+00
  -1.5570403e+01
  -5.9218037e+00
   3.1890805e+00
   4.9928491e+00
  -1.3195051e+01
  -2.0770246e+01
   2.7319059e+00
  -2.3198229e+01
  -2.2252801e+01
  -8.5631511e-01
   8.5156016e+00
  -1.9296664e+01
   2.5435350e+00
  -1.5750888e+01
   2.3496857e+00
  -1.4903597e+01
  -3.0716954e+00
  -1.9993856e+01
   1.8979041e+01
  -1.9995078e+00
  -4.1595221e+00
  -1.8900277e+01
   2.9132797e+00
  -1.2547033e+01
   5.9433480e+00
  -2.3196910e+01
   2.0504139e+00
  -8.2920985e+00
   5.3824815e+00
  -1.9040135e+01
  -8.9995216e+00
  -3.7348708e+00
  -7.2042778e+00
  -2.0819436e+00
   1.0429553e+01
  -2.1286701e+01
  -7.4774128e+00
  -1.5588926e+01
   1.0390584e+00
  -1.0782398e+01
  -1.9417944e+01
  -1.1647989e+01
   1.0877632e+01
  -6.6625449e+00
  -1.5068348e+01
  -1.4624723e+01
  -1.9755132e+01
  -9.2261323e+00
  -6.5269308e+00
  -8.4371091e+00
   4.8477951e+00
  -7.7159706e+00
   4.9190255e+00
  -2.9936658e+01
  -6.6162463e-01
  -2.1478788e+01
   4.4810161e+00
   2.9170935e+00
  -5.1532821e+00
  -8.1135136e+00
   6.1385155e+00
  -2.2428465e+01
  -1.0349246e+01
  -1.1420218e+01
   1.3348719e+01
  -8.3248181e+00
  -1.4000609e+00
  -9.9175649e+00
  -1.7121547e+01
  -1.7512456e+01
  -7.2404384e+00
   2.2326124e+00
   8.9359173e+00
  -1.2595972e+01
  -1.1351529e+01
   2.2568414e-01
  -1.0952540e+01
  -2.2253790e+01
  -8.4567461e+00
   1.1715594e+01
  -1.3651266e+01
  -2.7406332e-01
   1.2530519e+00
  -1.7544378e+01
  -1.1794710e+01
  -2.8301210e+01
   4.6398449e+00
   2.7327861e+00
  -8.6842239e+00
  -1.3906602e+01
  -8.6449590e-01
  -1.3825433e+01
  -1.6252076e+01
  -1.1359758e+01
   1.2763855e+01
  -6.2823893e+00
   1.7550544e+01
  -1.5879907e+01
  -9.5253757e+00
  -2.0957016e+01
  -4.0390390e+00
  -2.7254098e+01
   3.7055681e+00
  -1.1292733e+01
   1.5981181e+00
  -1.3323311e+01
  -8.9733676e+00
  -2.6770628e+01
   5.1180540e-01
  -7.6927618e+00
  -1.1939522e+00
  -1.6988996e+00
  -2.2772711e+00
  -1.9254595e+01
   2.1376019e+01
  -8.9100918e+00
  -2.9772161e+01
  -5.6703307e+00
   8.1488842e+00
  -4.1933383e-01
  -1.6597600e+01
  -1.8889575e+01
   2.7880436e+00
  -1.0489082e+01
  -7.3261051e+00
  -1.7644580e+01
   4.5375619e+00
   1.2546913e+00
  -1.7468195e+01
  -3.3423916e-01
  -2.6838181e+00
  -2.6329642e+01
  -2.8583512e+00
  -1.3594643e+01
   5.9232426e+00
  -1.6452867e+01
  -2.5072833e+00
  -2.1119360e+01
  -3.6192810e+00
  -5.9584579e+00
  -3.2315310e+00
   7.7657092e+00
   3.1658444e+00
  -5.0946804e+00
  -8.8813936e+00
  -2.4099604e+01
   6.6464257e+00
  -1.2832587e+01
   2.5918238e+00
  -2.0767500e+01
  -8.6895297e+00
   1.0059504e+01
  -1.0946213e+01
  -5.6669218e+00
  -1.7282113e+00
  -8.6632839e+00
  -4.1581561e-01
  -1.4351275e+01
  -4.6718488e+00
  -6.2813527e+00
  -1.3056613e+01
  -2.8337345e+01
  -4.3419401e+00
  -9.1915665e+00
   2.3290265e+00
  -2.5024371e+01
   3.5366728e+00
  -5.5233687e+00
  -1.4155244e+01
  -2.3693960e+01
   1.4622459e+00
  -1.1503866e+01
   1.4244895e+00
  -9.4072472e+00
   4.6958176e+00
  -2.0281451e+01
  -1.9373430e+01
  -4.4238789e+00
  -6.1627264e-01
  -1.2494899e+01
   1.3937595e+01
  -1.8822114e+01
   7.0069717e+00
  -1.0684098e+01
   1.9479997e+00
  -1.5862603e+01
   4.7505615e+00
   2.7491473e+00
  -3.0601554e+00
  -5.6792217e+00
  -1.7756770e+01
  -1.0831608e+01
   2.7943170e+00
  -2.5144173e+01
  -1.6464735e+00
   7.4550809e+00
  -5.4295701e+00
  -2.7300404e+01
  -1.3114052e+00
  -5.4754154e+00
  -2.0298298e+01
  -2.0972035e+00
  -4.8269283e-02
  -2.3268240e+00
   1.4516201e+01
  -9.3185321e+00
  -9.1322004e+00
  -2.0459547e+01
  -1.2038981e+01
  -8.4692995e+00
   9.9495547e+00
  -1.1054180e+01
  -9.4931748e+00
  -3.3729477e+00
  -1.0103657e+01
  -3.0315189e+01
  -4.6265839e+00
  -7.0143782e+00
   5.0367795e+00
  -6.4480801e+00
  -5.7335426e+00
  -2.6423966e+01
  -6.7439542e+00
  -1.1049913e+01
  -1.3577516e+01
  -7.2383826e+00
   7.6819439e+00
  -7.1352713e+00
  -1.0443162e+01
  -3.9290142e+00
  -1.3378498e+01
  -4.3382527e+00
  -4.2820158e+00
  -7.3710905e+00
   1.0559203e+01
  -1.5030192e+01
  -1.8143209e+01
  -1.3881017e+01
  -7.3332222e+00
  -1.3630515e+01
   4.8149774e-01
   3.9126926e+00
   1.3879198e+01
  -7.0050058e+00
  -4.2793799e+00
  -2.5846472e+01
   6.8377983e+00
  -1.0714318e+01
  -6.2824849e+00
  -1.0721724e+01
   1.1144477e+01
  -1.6549045e+01
  -4.7861297e+00
  -3.7012395e+01
  -7.2823581e-02
  -5.0070593e+00
   8.1142078e+00
  -1.8301000e+01
   1.3556377e+01
  -4.6798233e+00
  -9.9214891e+00
  -2.2966541e+01
  -3.2264923e+00
  -1.0738234e+01
   1.3480222e+00
  -7.9916525e+00
  -6.2212321e+00
   2.3829063e+00
  -1.0176639e+01
  -9.7392106e+00
  -1.2371548e+01
  -4.3476647e+00
  -7.2702284e+00
  -1.6465755e+01
   4.3497834e+00
  -8.6307744e+00
  -2.7952059e-01
  -2.0805201e+01
  -1.7287637e+01
   1.0038861e+01
  -1.4786143e+01
  -6.7985331e+00
   9.5285720e+00
  -2.3246185e+01
   4.0644052e+00
  -2.2839464e+01
  -3.9537447e+00
  -1.6580247e+01
  -3.2726048e+00
  -4.2165158e+00
  -6.7004697e+00
  -1.6632064e+01
  -1.3264313e+01
  -2.8136327e+01
   1.2351757e+01
  -1.1154523e+01
   2.6875075e-01
  -5.6829623e-01
   3.5842213e+00
  -9.4933821e+00
  -6.5755771e+00
  -1.7138908e+01
  -1.3444656e+01
   1.2135877e+01
   1.6849339e+00
  -2.1725623e+01
   4.8894552e+00
   2.4636474e+00
  -1.3084458e+01
  -1.3614846e+01
  -1.5556355e+01
  -2.5070387e-01
  -3.9748224e+00
  -4.6164849e-01
  -1.5285598e+01
  -1.3131453e+01
  -1.3047576e+01
  -4.9703646e+00
   1.8716869e+01
  -2.1887560e+01
  -8.8250401e+00
  -1.9531099e+01
   8.2255327e+00
  -2.0785550e+01
   5.8388518e+00
  -2.1212878e+01
  -7.6857213e-01
  -1.3241053e+00
   4.1017082e+00
  -2.2776933e+01
  -5.3787084e+00
  -1.4653742e+01
  -1.5636926e-01
  -1.5768742e+01
   9.8113503e+00
  -1.8304425e+01
  -4.9023917e+00
  -1.0414679e+01
  -1.5189180e+01
  -7.2960040e+00
  -1.3544988e+01
  -1.3275863e+01
   4.8722788e+00
  -1.1773695e+00
   1.9290300e+00
  -1.9145975e+01
   9.1455803e+00
  -1.5339447e+01
  -5.9507986e+00
  -2.3708355e+00
  -1.3261177e+01
  -8.7886262e-01
  -1.3664310e+01
  -2.0511967e+01
   8.7176728e+00
  -1.1893721e+01
  -3.0253740e+00
  -7.2642763e+00
   2.2185895e+00
  -1.5830928e+01
   4.8220937e-01
  -1.4755650e+01
  -4.1887980e+00
  -1.7029595e+01
   4.6987585e+00
  -1.1918364e+01
   2.1334004e+00
  -9.6313188e+00
  -1.6205527e+01
  -1.6058049e+01
   6.3718945e+00
  -4.4408194e-01
   7.9111429e+00
  -1.3989109e+01
  -2.4831473e-01
   8.3140671e-01
  -1.9590037e+01
  -1.8266710e+01
  -1.3470722e+01
  -7.6499024e+00
  -1.4021451e+00
  -1.3941176e+01
  -1.0979146e+01
   1.9196587e-01
  -8.6523042e+00
  -1.1444512e+01
  -4.3282894e+00
   7.4003722e+00
  -5.6483030e+00
  -1.3969619e+01
  -5.5224879e-01
  -1.7536236e+01
  -9.8969365e+00
  -1.0042834e+01
   1.6652496e+01
  -1.6915769e+01
  -8.4525620e+00
  -2.4890856e+01
  -2.2684111e+00
  -1.1433442e+00
  -6.8654502e+00
  -1.1106073e+01
   1.7281052e+01
  -2.6153359e+01
   6.5978556e+00
   8.3461602e-01
  -5.1097542e-01
  -2.3577152e+01
  -3.2892927e+00
  -6.8097291e+00
  -1.6860856e+01
  -1.1186346e+01
   6.7461380e+00
  -1.8688164e+01
   6.5998754e+00
  -1.4461913e+01
  -1.5611393e+01
  -6.2745514e+00
  -1.5869163e+00
  -8.9423549e-01
  -9.1481038e+00
  -2.7547815e+01
   1.7942016e-01
   1.1117925e+00
  -1.4811183e+01
  -2.0677958e+01
   2.0153133e+00
  -8.7927126e+00
  -5.7374033e+00
  -9.8025858e+00
   5.9365514e+00
  -1.6390846e+01
   1.1929577e+00
  -7.8845005e+00
   2.2006511e+00
  -9.2587591e+00
   4.8476572e+00
  -1.6829669e+01
   2.9900766e+00
  -3.1564605e+00
  -1.4047756e+01
  -4.5118663e-01
   3.3192880e+00
  -1.8513701e+01
  -7.8951026e+00
  -1.6702207e+01
  -1.1281284e+01
   1.9962087e+00
  -2.4719287e+00
  -1.2788488e+01
   9.9539603e+00
  -1.9303506e+00
  -9.0622510e+00
  -2.2615885e+01
  -1.6474167e+01
  -2.9118486e+01
   2.8133651e+00
  -3.0304379e+00
  -6.2922087e+00
   2.8584711e+00
  -1.2095051e+01
  -1.7095299e+01
  -9.0520021e+00
   3.4554368e+00
   1.8707944e+00
  -5.3676982e+00
   3.4086629e+00
  -1.8567662e+01
  -5.1787308e+00
  -1.9991250e+01
  -7.1218631e+00
  -6.4782567e+00
  -7.2198517e+00
  -2.0618538e+01
   1.7625213e+01
  -2.0641467e+01
  -1.3593428e+01
  -1.9978672e+01
   1.0943680e+01
   2.6628345e+00
  -1.8295834e+01
  -1.1394742e+01
   1.0664091e+01
  -1.6564116e+01
  -8.4865717e+00
  -3.0633277e+01
   8.2241140e+00
  -5.5773766e+00
  -1.0039949e+01
  -6.9208016e+00
  -9.5195174e+00
  -1.0916559e+01
   1.6930994e-01
  -3.4979594e+00
  -1.6710379e+00
  -6.3671365e+00
  -3.7497377e+00
  -1.1971387e+01
   5.0205470e+00
  -5.1462792e+00
  -1.4018595e+01
  -1.2256886e+01
  -1.3216366e+00
  -1.3169479e+01
  -2.3327777e+00
  -1.4150436e+01
   1.7372976e+00
  -1.8082357e+00
  -6.4864215e+00
  -1.2086698e+01
  -2.9544345e+00
  -8.8096778e+00
  -6.1676049e+00
  -1.8871550e+01
   5.1527793e+00
  -1.3833006e+01
   8.3991911e+00
  -1.8678995e+01
  -4.9157181e+00
  -4.3137058e+00
  -7.8877803e+00
  -9.2776908e+00
  -5.9421461e-01
  -1.6225012e+01
  -3.4297626e+00
  -1.2923204e+01
  -1.1431670e+01
  -1.2661572e+01
   1.4263568e+01
  -1.1522158e+01
  -4.1565037e+00
   7.0848052e-01
  -5.9833909e-01
  -2.5134878e+01
  -8.8999222e+00
  -9.5444674e+00
  -1.4217601e+01
  -4.7085805e+00
  -4.6894740e+00
  -1.6748343e+01
  -7.4575483e+00
  -1.4050275e+01
  -7.7282537e+00
  -1.0085215e+01
  -5.0286411e+00
  -1.7879964e+01
   1.2462198e+01
  -7.2076423e+00
  -1.3216615e+01
  -1.2223720e+01
   2.0752565e+00
  -8.2185929e+00
  -5.7395329e-01
  -1.7534476e+01
   7.9610068e+00
  -4.6438909e-01
   1.2249149e+01
  -1.7639643e+01
  -1.2374966e+00
  -2.7364696e+00
  -1.2426668e+01
  -1.5869468e+01
   1.4805669e+00
  -1.9606698e+01
   2.2072032e+00
  -1.5512130e+01
  -7.9305816e+00
  -1.2545988e+01
  -1.5034432e+01
   3.4389294e+00
   4.2504221e+00
  -9.8168733e+00
  -1.8975673e+01
  -2.0934006e+00
  -1.4800294e+00
  -1.7198094e+01
  -1.1428193e+01
  -5.6308613e+00
   1.1887273e+00
   2.8246436e-01
  -8.7611132e+00
  -3.5250255e+01
  -4.6914074e-02
  -4.3240052e+00
  -1.2669537e+01
  -1.2987795e+01
   1.4778032e+00
  -1.1624777e+01
  -5.8051348e+00
  -9.1361798e+00
   2.1107185e+00
  -1.5820876e+01
   4.4235931e+00
  -1.7354232e+01
   1.2487708e+01
  -1.4539730e+01
  -1.3438930e+01
  -1.1919305e+01
  -1.0769008e+01
  -1.5657054e+01
   2.4741011e+00
  -2.2968350e+01
   1.2464392e+00
  -2.2735329e+00
   5.6493150e+00
  -2.6934762e+01
  -1.0990689e+01
   1.3148110e+01
   1.1905632e+00
  -1.7174677e+00
  -1.2282018e+01
  -3.4975920e+00
   5.5530768e+00
  -2.8027089e+01
  -2.1517853e+00
  -3.4260395e+00
  -9.6224908e+00
  -8.1045970e+00
  -2.7034011e+00
   7.7795156e-01
  -1.7725199e+01
  -8.9870501e+00
   4.0805133e+00
  -2.5295421e+00
  -7.5161480e-01
  -2.9724727e+01
   1.6394608e+01
  -7.1875344e+00
  -4.5288138e+00
  -2.6748736e+01
   6.2161473e+00
  -1.1467117e+01
   1.1223183e+00
  -6.3389271e+00
  -7.6737372e+00
  -1.9477567e+01
   1.5908936e+01
  -2.2492714e+01
  -1.4047196e+01
   3.4385606e-01
  -6.9390917e-01
  -1.8170820e+01
  -3.0513675e+00
  -1.8764591e+01
  -1.6285348e+01
  -6.2382468e+00
  -2.2861255e-01
   4.6951596e+00
  -1.0073860e+01
  -1.1614849e+01
  -5.2803488e+00
  -1.4097664e+01
  -4.7050238e+00
  -1.4283775e+01
   1.6736362e+01
  -1.2964824e+01
  -2.5403314e+01
  -1.5149962e+01
  -3.5097037e+00
  -1.3213929e+01
  -1.0644596e+01
  -6.4173949e+00
  -3.2817382e+00
  -2.2016575e+01
  -1.0408696e+00
  -1.7464400e+01
   1.0016242e+01
  -7.4197546e+00
   1.6307656e-01
   3.3629538e+00
   4.0714646e+00
  -1.8099491e+01
   2.7315047e+00
  -4.8040441e+00
  -3.7316307e+00
  -2.0465256e+01
  -4.8387520e+00
  -1.3412479e+01
   3.6820458e+00
   1.8360990e+00
  -1.3401394e+01
   4.2704378e+00
  -1.0108170e+01
  -2.0190037e+01
   8.5054643e+00
  -4.2592742e+00
  -6.0386396e+00
  -1.4646272e+01
  -7.4859215e+00
  -1.7762879e+01
  -9.0579152e+00
  -1.4293236e+00
  -1.4988574e+01
  -1.1309470e+01
   1.1988052e+01
  -1.4980275e+01
  -1.0439558e+01
  -1.9189731e+01
   7.7187205e+00
  -5.0804323e-01
  -5.2855163e+00
  -2.6039192e+01
   1.2515728e+01
  -6.7392835e+00
  -1.3260273e+01
  -1.6869108e+01
   5.2154877e+00
  -1.4365658e+01
  -2.3637097e+00
  -1.1339839e+01
  -3.1457913e+00
  -1.5945256e+01
  -1.2070691e+01
  -1.0049777e+01
   1.8176795e+00
  -1.0652016e+01
  -6.4031413e+00
  -6.4393451e+00
  -5.8535236e+00
  -1.2375815e+01
  -1.4081122e+01
  -1.1963767e+01
  -1.2569740e+00
   8.5626836e+00
  -2.5012791e-01
  -1.7192534e+01
  -2.4714147e+00
  -6.5564078e+00
  -1.4997144e+01
  -1.4725395e+01
  -6.2395818e+00
   7.6836402e+00
  -2.4186268e+00
  -2.3930120e+01
  -6.2683374e-02
  -5.6693285e+00
  -3.5818549e+00
  -2.2664705e+01
   1.2747681e+01
  -1.2571010e+01
   4.1473257e+00
  -1.0815389e+01
   2.8201272e+00
  -2.1202145e+01
  -8.0691961e-01
  -1.8849867e+01
   4.5009826e+00
  -3.3994023e+00
  -1.6512913e+01
  -2.2642576e+01
  -4.4539141e+00
  -1.4862680e+01
  -4.5171204e+00
  -7.1581898e+00
   1.4398244e+01
  -1.1270387e+01
  -9.6760712e-01
  -1.2779123e+01
  -9.8135299e+00
   3.5535935e+00
  -8.1924049e+00
  -1.4104790e+01
   1.9542087e+01
  -9.3155360e+00
  -7.0318480e+00
  -2.1891162e+01
  -1.8796266e+01
  -9.8545894e+00
  -1.9552509e+00
  -2.9902485e+00
  -5.2879831e+00
  -3.5557627e+00
   4.8669159e+00
  -3.2403537e+01
   1.0449117e+00
  -7.5824407e+00
  -5.1515154e+00
  -1.0914890e+01
   1.7173786e+01
  -1.3444299e+01
  -2.5028548e+00
  -2.8813252e+01
  -1.1565216e+01
  -3.9531927e+00
  -1.8564198e-02
  -2.0553379e+01
   6.2989121e+00
  -1.7077160e+01
  -1.5029414e+01
  -1.4293711e+01
  -1.4605162e+00
  -1.6068404e+01
   3.7098665e+00
  -3.8101896e-01
   4.3112334e+00
  -2.1432228e+01
  -6.0939913e+00
  -5.1368753e+00
  -1.0127445e+01
  -7.5203815e-01
  -1.1430214e+01
   1.4392752e+01
   5.8997862e-01
  -1.8695907e+01
  -2.3255119e+00
  -2.3242298e+01
  -2.0283901e+01
   1.0713006e+01
  -4.8478220e-01
  -7.8295049e+00
  -1.1815068e+01
  -1.0257962e+01
  -7.0990857e+00
  -2.0813510e+01
  -3.0789504e+00
  -3.1495620e+00
   2.5330065e+00
  -5.4790111e+00
  -2.3686549e+00
  -4.0075007e+00
  -1.1921817e+01
  -2.7136740e+01
   1.1172858e+01
  -1.9587413e+01
   1.3095349e+00
  -1.2706624e+01
  -4.3525575e-01
  -1.5873190e+01
  -9.7160950e+00
  -1.3001684e+01
  -5.1378765e+00
  -6.7293044e-01
  -8.1833500e+00
  -1.2976278e+01
   6.0999688e+00
  -1.3786519e+01
  -4.0925052e+00
  -2.4870961e+01
  -1.3090461e+00
   2.8030524e+00
   4.2206155e+00
  -1.3268899e+01
  -8.0309073e+00
  -2.8664394e+00
  -8.4261031e+00
  -2.4776475e+01
  -1.6562203e+00
  -9.5148060e+00
  -4.9488500e+00
  -5.6877907e+00
   1.0999321e+01
  -1.5255213e+01
  -4.4664410e+00
  -1.9799140e+01
   6.6138800e+00
   2.3791916e+00
   1.0278070e+00
  -1.8233659e+01
  -1.8629352e+00
  -2.0104977e+01
  -2.0647793e+01
  -1.6678423e+01
   4.5163837e+00
  -1.3171436e+01
   4.6488268e+00
  -2.2365919e+01
   4.8231288e+00
  -1.1375027e+01
  -1.1518866e+01
  -6.2287391e+00
   2.3537561e+01
  -3.5830698e+00
  -2.0697909e+01
  -1.1436112e+01
   1.6599625e+00
  -2.4410086e+01
   6.2161030e-01
   3.9988452e+00
  -1.0699897e+01
   7.9958178e+00
  -1.7121657e+01
  -1.4932627e+01
   4.3017934e+00
  -8.6569604e+00
  -7.9988307e-01
  -1.3168817e+01
  -5.0450029e+00
  -7.0830889e+00
  -1.9974795e+00
  -6.7301123e+00
  -2.6048201e+01
  -1.4797492e+01
   1.2896630e+01
  -1.5955404e+01
   3.5418157e+00
  -1.0137894e+01
  -8.8598093e+00
  -1.8659541e+01
   9.8548611e+00
  -1.9376362e+01
   4.9285904e+00
  -8.4195222e+00
  -6.4305384e+00
  -1.4462904e+01
  -1.6553342e+01
  -1.8135951e+01
  -7.9391920e-01
  -5.0277544e+00
   8.1613602e+00
  -1.8866863e+01
  -1.5546886e+01
  -9.7695151e+00
  -5.2034847e+00
  -6.7848643e+00
  -8.2502907e+00
   7.2158527e-01
  -8.0990737e-01
  -2.2103782e+01
   3.2413409e+00
  -1.0764235e+01
  -8.3957510e+00
  -1.2846070e+01
   7.6979618e+00
  -3.3255196e-01
  -9.8829727e-01
  -1.1234641e+01
   2.7885340e+00
  -3.0473660e+00
  -1.7976455e+01
  -1.7708960e+01
   9.4553169e+00
  -5.0720832e+00
   5.3476819e+00
  -1.3659790e+01
   1.2659116e+01
  -2.8220507e+01
  -1.2482256e+01
  -1.8697090e+01
  -3.6492785e+00
  -4.9510776e+00
  -7.5829786e+00
  -9.2406331e+00
  -9.9421119e-01
  -1.7609872e+01
   2.9233254e+00
  -9.1331509e+00
   1.4739597e+01
  -3.4137088e+00
  -1.3589535e+01
  -1.1396076e+01
  -2.6766879e+01
  -1.8550431e-01
  -1.9438812e+01
  -1.5147185e+01
   1.1373723e+01
   1.4914237e+00
  -6.4055772e+00
  -6.3366087e+00
  -1.2484997e+01
  -9.8431653e+00
  -8.0118132e+00
  -1.1323215e+01
   4.5575772e+00
   7.7736561e+00
  -2.6977937e-01
  -3.1111038e+01
  -1.8392066e+00
  -2.5587106e+01
  -4.3068077e+00
   3.6069216e+00
   2.9658085e+00
  -1.9109840e+01
   7.9641412e+00
  -2.7496634e+01
  -2.8362429e-01
  -2.1425137e+01
  -8.4410460e+00
  -2.1009986e+01
   1.7836008e+01
  -4.9217910e+00
  -2.3032031e+00
  -1.2377918e+01
  -6.9376581e+00
  -8.7623456e+00
   1.1048348e+00
  -1.5934281e+01
  -8.5532430e+00
   5.5658572e+00
  -7.4980735e+00
  -1.3972260e+01
  -9.2623463e+00
  -7.8873648e+00
  -2.5374899e+00
  -7.4772807e+00
   9.7149643e+00
  -9.8776946e+00
  -9.9405255e+00
  -1.0474878e+01
  -1.9818799e+01
   4.5541178e+00
   4.1486255e+00
  -2.4093871e+01
   1.0621350e+01
  -1.1033505e+01
  -4.9724461e+00
  -2.6669747e+01
   6.4348283e-01
  -1.1967615e+01
  -1.0882486e+00
  -1.1793862e+01
   1.2362259e+01
  -1.0701709e+01
  -6.5255307e+00
  -2.6824046e+01
   1.0129207e+01
  -1.1909667e+01
  -1.4127750e+01
  -3.9832441e+00
  -9.5707516e-01
  -2.4477666e+01
  -7.1021817e+00
  -2.6642352e+00
  -2.2493142e+00
  -9.4406934e+00
   3.6958484e-01
  -6.0799356e+00
  -3.9181611e+00
  -1.2663836e+01
  -1.9495415e+01
  -1.4043544e+01
  -1.1723996e+01
  -1.3521657e+00
  -2.0375512e+00
  -8.3865653e+00
  -9.7610377e+00
  -2.1312669e+01
  -8.2685509e+00
  -8.1505830e+00
   5.1631379e+00
   6.7658364e+00
  -1.5712902e+01
  -2.9252119e+00
   7.7103895e+00
  -1.2029522e+01
  -1.4198731e+00
  -2.5179217e+01
   1.2815727e+01
  -1.2304045e+01
   6.3032292e-01
  -8.9464305e+00
   3.0750117e+00
  -1.3820554e+01
  -1.3083519e+01
  -1.2226149e+01
   1.2941126e+01
  -8.0431574e+00
   6.3930640e-01
  -1.2228578e+01
  -4.2551447e+00
  -5.7918803e+00
  -1.2200283e+01
  -2.6780224e+01
   2.2011785e+00
  -6.8436470e+00
  -1.2971758e+01
  -1.4955703e+01
  -1.0605822e+01
  -1.3465476e+01
   9.1017990e+00
  -2.2226487e+01
  -9.4263100e+00
  -3.0450595e+00
   2.3532580e+00
  -2.3391935e+01
   3.3691867e+00
  -1.4249547e+01
  -4.5526202e+00
  -9.3914319e+00
  -9.9260043e+00
  -7.5213952e+00
   4.1415117e+00
  -2.1977072e+01
  -1.2165855e+00
  -9.8792308e+00
   6.1935510e+00
  -1.6155483e+01
   1.5154816e+01
   5.6446338e+00
  -1.4705895e+01
  -1.4452646e+01
  -8.6406810e+00
  -1.8212682e+01
  -7.8471536e+00
  -3.1466041e+01
   4.2060646e-01
  -1.5010178e-01
   8.9350454e-01
  -7.7341367e+00
  -9.8758813e-01
  -1.2982221e+01
  -1.6780710e+01
   7.5332038e+00
   7.6906522e+00
  -1.3530905e+01
   3.4057661e+00
  -1.1807128e+01
  -6.5056757e+00
  -7.9761172e+00
   2.1464284e+00
  -8.2519238e+00
  -8.5238638e+00
  -5.8219096e+00
  -1.7753054e+01
  -9.5897726e+00
  -3.8325107e-01
  -1.3699565e+01
   1.2065562e+01
  -1.6183305e+01
  -9.9826322e+00
  -6.9547392e+00
  -1.4156394e+01
  -2.5195696e+01
  -2.9618559e+00
   7.1007216e-01
  -1.4210437e+01
  -1.3021643e+01
   4.6562352e+00
  -1.3296830e+01
  -9.5646528e+00
  -4.8526757e+00
   1.7545753e+01
  -1.2254374e+01
  -2.5577015e+00
  -2.2756330e+01
  -2.8980183e+00
  -9.5290714e+00
  -2.0251492e+01
  -3.9794229e+00
  -6.1866288e+00
  -3.4775178e+00
   2.5019381e+00
  -1.4454471e+01
  -5.5042863e+00
  -9.1378451e+00
   5.0059774e+00
  -6.7134844e+00
   6.3382380e-01
  -9.8586192e+00
  -2.8773809e+00
   1.6582922e+00
  -1.5884924e+01
  -3.5007509e+01
  -1.0509482e+01
  -5.7062110e+00
   2.1808350e+01
  -1.7305248e+01
  -1.2294678e+01
  -3.3353135e+01
   1.0150023e+01
  -9.6150803e+00
  -1.5218426e+01
  -7.7823358e+00
   1.7900225e+00
  -1.1598822e+01
   4.2077072e+00
  -3.2108269e+01
   7.9890198e+00
   4.5648322e+00
  -3.0614210e+00
  -1.9402417e+01
   4.0740541e+00
  -4.5137865e+00
  -2.1011670e+00
  -2.0289149e+01
  -2.6395569e+00
  -1.4433487e+01
  -6.9503178e+00
  -5.6558026e+00
   7.2565165e+00
   4.3958572e+00
  -2.0757348e+01
  -1.3224651e+01
  -3.7302637e+00
  -7.2833614e+00
  -1.3100544e+01
  -3.6720493e+00
  -2.5817477e+00
  -4.1318985e+00
  -5.9975410e+00
  -2.2533008e+01
  -1.2787158e+01
  -3.3211899e-01
  -2.7768750e+00
  -2.4862448e+01
   5.2164875e+00
  -6.7550316e+00
  -1.1729593e+01
  -9.3643649e+00
  -2.3285628e+00
  -3.6056066e+00
  -3.7902717e-01
  -2.7979230e+01
   1.4651642e+01
  -1.3457403e+01
   9.1030882e+00
  -3.1569534e+01
   9.0793808e+00
  -4.5866215e+00
  -1.8128987e+01
  -1.0131016e+01
  -7.0003842e-01
  -1.1361143e+01
   2.2714968e+00
  -2.2088759e+01
  -1.4713198e+01
  -5.6598247e+00
   2.2000396e-02
  -7.4405346e+00
   2.8778567e+00
   1.0193624e+00
  -1.5040969e+01
  -1.1209609e+01
  -4.7420035e+00
  -2.2521929e+01
   3.8556184e-01
  -1.0792614e+01
  -4.8472051e+00
  -1.7029232e+00
  -1.8872664e+00
  -1.3896777e+01
  -3.2802654e+00
   3.3262299e+00
  -1.1895990e+01
  -1.7676589e+01
   7.3304581e+00
  -1.6064055e+01
  -2.4107627e+00
  -2.4306698e+01
  -1.9183765e+00
  -6.2704308e+00
  -2.7144028e+00
  -1.3821821e+01
   8.6996214e+00
  -1.1346637e+01
  -5.5362623e-02
  -8.6162347e+00
   5.2577041e-01
  -1.8787607e+01
   8.0333428e+00
  -6.7452189e+00
  -1.9433298e+01
  -1.7829439e+01
  -4.5584055e+00
   3.9224011e+00
  -9.1736372e+00
  -8.7271211e+00
  -1.8272936e+00
  -2.1147784e+00
  -4.3689170e+00
  -5.9138049e+00
  -8.4827779e+00
  -7.2850891e+00
  -1.3063329e+01
  -3.0111830e+00
  -1.1612167e+01
  -2.5783230e+01
   1.0463465e+00
  -1.0713498e+01
  -6.7770912e-01
  -5.5701423e+00
  -4.7026640e-01
  -1.5706766e+01
  -3.6458123e+00
  -8.7631063e+00
   5.0815765e+00
  -9.0269693e+00
  -1.5370017e+00
  -1.6167149e+01
  -6.2832752e+00
  -1.1357837e+01
  -1.4295754e+01
  -2.9060230e+01
   1.2193082e+01
  -1.6802373e+01
   9.1413044e+00
  -2.7734053e+01
  -2.2951097e-01
  -3.8855266e+00
  -1.3009443e+01
   1.7893728e+00
   1.1512515e+01
  -4.9584809e+00
  -5.5039063e+00
  -1.1423627e+01
  -7.0018871e+00
  -1.6952280e+01
  -5.7513489e+00
  -7.3543090e+00
   1.0931592e+00
  -2.8147325e+00
  -1.0224325e+01
  -1.3788950e+01
   4.2434835e+00
  -1.3261424e+01
  -7.2965204e+00
  -6.0300956e+00
   8.9865866e-01
  -8.7489782e+00
  -3.2139080e+00
  -2.7359897e+01
  -4.3809195e+00
   2.8198941e+00
  -4.0907039e+00
  -2.5531304e+01
   2.1035161e+01
  -1.2299584e+01
  -9.2482108e+00
  -2.2906695e+01
   1.8793023e+00
  -9.8977768e+00
  -1.3700900e+01
  -2.8488888e+00
  -1.5023289e+01
  -5.1826972e+00
  -1.0845950e+01
  -2.0581997e+01
  -1.7050903e+00
  -1.7878331e+01
  -1.7514636e+01
   1.8932841e+01
   1.0773171e+01
  -1.4471774e+01
   1.0606390e+00
   3.1631184e+00
  -9.1495500e+00
  -2.6143909e+00
  -9.6132384e+00
  -1.8644168e+01
   2.4054982e+00
  -1.2773823e+01
  -5.2867427e+00
  -2.8570563e+01
  -3.6611627e+00
  -5.7238041e+00
   1.0848127e+01
  -1.7030489e+01
  -1.4243145e+01
   6.3255288e-01
   2.7257448e+00
  -2.2870499e+01
   5.1411330e+00
  -1.0999617e+01
   8.5805971e+00
  -2.3371916e+01
   5.7958490e+00
  -2.3969618e+01
  -4.7909410e+00
  -6.1823299e+00
  -9.7144334e+00
  -4.5983849e+00
  -5.1229212e+00
  -8.5770897e+00
   1.7724020e+01
  -9.8968805e+00
  -9.3043753e+00
  -2.0064471e+01
   3.3533159e-03
   6.1351773e+00
  -1.1950237e+01
   1.8105153e+00
  -1.4873126e+01
  -2.1742575e+00
  -8.9451405e+00
  -1.9311766e+01
  -2.1374810e-01
  -1.3513957e+01
   5.2492487e-01
  -8.6548186e+00
  -1.0873970e+01
  -1.4469845e+01
  -1.3716447e+01
  -1.2237739e+01
   5.8737006e+00
  -1.4505329e+00
  -4.5436263e+00
  -3.9036042e+01
   7.2417717e+00
  -2.0930498e+01
   4.7734953e+00
  -1.2655845e+01
   3.5384966e+00
   3.0228898e-01
  -1.7428450e+00
  -2.1449769e+01
   4.0971663e+00
  -1.1726015e+01
  -7.7089628e+00
  -2.9025742e+01
   7.8145985e+00
  -2.3193818e+00
  -2.1323509e+01
  -7.9624570e+00
   3.7375047e+00
  -1.6999286e+01
  -1.1076678e+01
  -3.5409015e+00
   7.1269617e+00
   1.0723930e+01
  -1.6979542e+01
  -7.4010436e+00
   5.1051139e+00
  -1.9412908e+01
  -1.6486734e+01
  -1.1392379e+01
   2.5489965e+00
  -1.1741675e+01
  -4.6012265e+00
  -3.8378362e+00
  -1.8836184e+01
  -1.4030880e+00
   3.0601474e+00
  -1.6715487e+01
   5.6504367e+00
  -1.7796533e+01
   6.6454068e+00
  -1.3562235e+01
  -3.5068627e+00
  -1.4652822e+01
   5.6783131e+00
   1.5151323e+00
  -8.7442599e+00
  -8.5054201e-02
  -1.7991600e+01
  -2.5951262e+01
   5.9792444e+00
  -1.8944379e+01
  -6.2330584e+00
  -1.3769053e+01
   7.4661469e+00
  -9.5021893e+00
  -6.8805587e+00
  -2.1640781e+01
  -1.6422064e+01
  -2.8784544e+00
   8.8168855e+00
  -1.5928403e+01
  -4.3049847e+00
  -9.3648649e+00
  -1.1384084e+01
  -7.6025624e+00
  -5.4433430e+00
  -8.4261368e+00
   3.8054210e-01
  -1.9411413e+00
  -8.2841128e+00
  -8.4462834e+00
  -1.0056012e+01
  -1.9742985e+01
   1.4620480e+01
   6.4900633e+00
  -7.3250059e+00
  -2.3705599e+01
   1.6861677e+00
  -1.7233934e+01
   1.3383342e+00
  -1.1347294e+01
  -4.2634260e+00
   8.5840963e-01
  -2.1412667e+00
  -2.9242024e+01
  -1.5178273e+01
  -7.5300227e+00
   7.6060592e+00
  -2.5651602e+00
   8.1862558e+00
  -8.8891973e+00
  -2.7039425e+00
  -1.6714423e+01
  -2.8016342e+00
  -7.6146424e+00
  -8.5417898e+00
  -1.2245641e+01
   1.2788208e+01
  -1.2272414e+01
  -1.1736253e+01
  -1.1812455e+01
  -1.4857185e+00
  -4.9777179e+00
  -1.5550896e+01
  -1.6220836e+01
   1.3725756e+01
   1.0599083e+00
  -1.2088958e+01
  -1.8839052e+01
   3.4269965e+00
  -2.0790203e+01
  -9.8170833e+00
  -5.9621422e+00
   6.5075554e-01
  -1.7625093e+01
   1.8049908e+00
  -1.7759743e+01
  -1.6194785e+01
  -9.8735303e+00
  -1.5123812e+00
  -7.2654591e+00
   1.4463767e+01
  -1.2363084e+01
  -9.1751626e+00
  -2.7009812e+01
  -3.1965146e+00
  -1.8017699e+01
  -3.7440492e+00
  -1.6221552e+01
   1.5855371e+01
  -7.6728337e+00
  -1.6729754e+00
  -1.4164908e+01
  -3.5748403e+00
  -2.0178476e+00
  -1.2759746e+01
   7.0246141e+00
   1.1666643e+01
  -1.7422996e+01
   6.3739156e-01
  -3.5157426e+01
  -1.9997542e+01
  -5.8800665e+00
  -1.4296282e+01
  -1.0061472e+00
   2.1289951e+00
  -8.3363298e+00
  -1.6803789e+00
  -1.3998286e+01
  -1.0320802e+01
  -7.9250046e+00
   1.0104558e+01
  -1.0215905e+01
   4.0677740e+00
  -1.9998927e-01
  -5.0964651e+00
  -3.7175011e+01
  -2.2660593e+00
  -3.5666088e+00
  -5.7451509e+00
  -3.2851222e+00
   5.5773236e+00
  -2.5843763e+01
  -6.3449389e+00
  -1.6096261e+01
  -1.1388475e+01
  -6.7841137e+00
   3.7911554e+00
  -4.1442762e+00
   1.1035408e+01
  -8.9278067e+00
  -2.7628273e+01
  -9.2333051e+00
  -8.4414008e+00
  -5.2455370e+00
  -9.5352265e+00
  -6.3688215e+00
  -1.3196402e+01
  -1.1344617e+01
  -1.9498038e+00
  -2.7962127e+01
  -1.9655838e+00
   7.3790551e+00
  -1.4214354e+01
  -1.0596578e+00
  -4.0303610e+00
  -8.7479231e+00
   1.0566518e+01
  -2.4760774e+01
   4.1655922e+00
  -2.1685254e+01
   1.1068059e+01
  -1.7724283e+01
   4.5335114e+00
  -6.3484824e+00
  -1.6255774e+01
  -6.9290836e+00
   9.8011985e+00
  -1.0076292e+01
   6.7562474e+00
  -3.2800429e+01
  -1.0710612e+00
  -2.2614578e+01
  -1.2656687e+01
  -7.6979745e+00
   5.7074877e+00
  -2.0019544e+00
  -4.1322952e+00
  -1.2297269e+01
  -4.5631810e+00
  -1.2022277e+01
  -2.0093649e+00
  -7.5988482e+00
   1.7080668e+00
  -1.9438432e+00
  -1.5192499e+01
  -1.1089597e+01
  -6.5115182e+00
  -1.2409484e+01
  -7.1065771e+00
  -1.8170857e+01
  -6.1354721e+00
  -6.6848644e+00
   5.6401314e+00
  -1.2213622e+01
  -9.3251815e+00
  -8.1632986e+00
  -2.7413311e-02
  -1.0050581e+01
   8.5579990e+00
  -3.6588969e+00
  -1.2028328e+01
  -1.9980049e+01
   8.0727935e+00
  -1.2689882e+01
   1.1195254e-01
  -2.7330165e+01
   1.2351656e+01
  -4.3939549e+00
  -1.0514179e+01
  -2.6044030e+01
   6.2947309e+00
  -9.6415202e+00
  -1.9537512e+01
   1.1518958e+01
  -1.0574975e+00
  -1.1497812e+01
  -1.3958539e+01
  -1.4760452e+01
   6.7206969e+00
  -1.3674896e+01
  -6.1001215e-01
  -1.0019839e+01
  -5.9979511e+00
  -9.0603377e-01
  -2.3948832e+01
  -7.9764182e+00
  -1.4096966e+01
  -1.5351374e+01
   1.0708604e+01
  -1.3475811e+01
  -3.6840273e+00
  -1.0739291e+01
   1.2907259e+00
  -2.4717176e+01
  -7.5411450e+00
  -6.4605326e+00
   3.7041080e+00
  -1.1594183e+01
   7.4065740e+00
  -2.1125962e+01
  -1.2774426e+00
  -1.7196262e+01
   2.0127996e+00
   4.6983712e+00
   2.2311701e+00
  -1.6985075e+01
   1.2666741e+01
  -1.6475529e+01
  -2.1252511e+01
  -1.7609539e+01
   1.2030614e+01
  -5.9415445e+00
  -2.3963515e+00
  -1.7858612e+01
  -3.6579786e+00
  -3.1151073e+00
  -1.1053131e+01
  -2.4970886e+01
  -5.2931633e+00
   7.7452479e+00
  -1.8130311e+00
  -9.5697106e-01
  -1.4139200e+01
  -2.1582457e+01
  -4.6251001e+00
  -1.4583807e+01
   1.7719358e+00
  -1.6638381e+00
  -2.4624414e+00
  -1.4355432e+01
  -1.0654967e+01
  -6.9771841e+00
  -1.4739337e+01
  -7.5444418e+00
   5.1592576e+00
  -1.4993821e+01
   5.1963389e+00
  -2.0618979e+01
  -6.9395348e+00
  -8.5590833e+00
  -1.1688155e+01
  -1.3943849e+01
   1.5895699e+00
   5.0710017e+00
  -6.7684988e+00
  -1.9093580e+01
  -1.0345781e+01
  -1.3293842e+00
   8.1682900e+00
  -1.2122787e+01
   2.3045005e+00
  -2.8311661e-01
  -1.2225801e+01
  -2.2323535e+01
  -7.1852549e+00
  -1.2242909e+01
  -8.6893178e+00
  -2.6040169e+00
   1.5994748e+01
  -2.1197293e+01
  -7.2953776e+00
  -6.5700430e+00
  -2.4947364e+00
  -1.7035395e+01
  -6.4942454e+00
   2.8175455e+00
   3.5520668e+00
  -2.1896214e+01
   3.4574062e+00
  -5.1110486e+00
  -6.8789020e+00
  -2.7369531e+01
   1.0684266e+01
  -9.6320604e+00
  -4.6147901e-01
  -1.6513718e+01
  -1.3251779e+00
  -2.9428623e+01
   1.2697980e+01
  -1.2439468e+01
  -1.2883992e+01
  -2.9121456e-01
   9.1618206e+00
   1.2218316e+00
  -1.5366218e+01
  -2.8610413e+01
  -4.7328173e+00
   1.7197162e+00
  -5.7274991e+00
  -2.2122461e+01
   1.1872147e+01
  -5.9880364e+00
  -1.7896795e+01
  -2.0967707e+01
  -9.0721230e+00
  -3.2680796e+00
  -1.5924093e+00
  -6.9859600e+00
  -1.3696517e+00
  -1.4597962e+01
  -1.2021769e+01
  -2.1250981e+01
   2.6438024e+00
   3.6851831e-01
  -2.0836173e+01
  -6.9386757e+00
   7.9814498e+00
  -1.5574546e+01
  -6.2846479e+00
  -2.5853662e+01
   9.5868746e-01
   3.9843281e+00
  -4.5275345e+00
  -1.3908147e+01
   4.3877167e+00
  -1.8292826e+01
  -9.1619892e+00
  -1.7098663e+01
   7.4609848e+00
  -4.1545071e+00
  -8.8431597e-01
  -7.6800251e+00
  -5.9135883e+00
   5.2471096e+00
  -7.0934468e+00
  -1.4691921e+01
   4.5578162e+00
  -1.8968251e+00
  -1.2245501e+01
  -1.3437468e+01
   4.9946587e+00
  -1.6601213e+01
  -1.0133902e+01
  -9.7652107e+00
  -1.0303774e+01
   4.2910067e+00
  -4.0808021e+00
  -1.1849087e+01
   3.8490531e+00
  -1.5609086e+01
  -7.6936718e+00
  -1.4032862e+01
   1.7956397e+00
  -6.3546502e+00
  -2.1969814e+00
  -7.9654435e+00
  -1.3502285e+01
  -2.4778355e+01
   1.0276659e+01
  -2.2779742e+01
   1.0176458e+01
  -1.1719873e+01
  -1.1542245e+00
  -1.8470303e+01
  -1.6960741e+01
  -1.9007505e+01
   4.3492961e+00
  -2.0476315e+01
  -4.3649547e+00
  -2.3317215e+00
   7.1666927e+00
  -2.6103606e+01
  -4.0502248e+00
  -6.7411461e+00
   4.4598718e+00
  -2.1844522e+01
  -9.0076568e+00
  -3.7492481e+00
  -1.3117643e+00
  -6.4850440e+00
  -5.9414702e+00
   1.2749361e+00
  -2.8053223e+00
  -1.0550424e+01
   5.3030785e+00
  -7.9981634e+00
  -7.9044757e+00
  -8.5408863e+00
  -2.6066533e+00
  -1.5112031e+01
  -3.8642027e-01
  -5.5305290e+00
  -7.5315338e+00
  -4.1718922e+00
  -1.9921730e+01
  -1.2622542e+01
   2.1313819e+01
  -7.8613837e+00
   2.1220830e+00
  -1.3606716e+01
  -2.8924665e+00
  -1.2837648e+01
  -1.0012385e+01
  -1.5108266e+01
  -1.6199772e+00
   1.9427819e+00
  -1.5269666e+01
  -3.0024323e+01
   1.8970506e+01
  -1.7262694e+01
  -3.2917171e+00
  -3.3552267e+00
   6.3041901e+00
  -1.5180809e+01
  -1.6728893e+01
  -1.2564458e+01
  -1.2884048e+00
  -2.3818355e+00
  -1.2966657e+01
  -9.7428582e+00
  -9.7272098e-01
  -1.1682007e+01
  -9.1024145e+00
  -1.0806482e+00
  -1.9695475e+01
  -1.1216302e+01
  -8.9777872e+00
  -1.3475925e+01
   3.0465715e+00
  -3.9777264e+00
  -1.0734767e+01
  -1.9694505e+01
   6.4490305e-01
  -6.1136068e+00
  -1.2615017e+00
  -1.2054626e+01
   1.3837175e+01
  -2.4057073e+01
   1.6760096e+01
  -1.4642472e+01
  -1.9889044e+01
  -1.0972766e+01
   3.9909281e+00
  -1.6565200e+01
   8.6048376e+00
  -1.5926237e+01
   9.7176800e-02
  -1.5659457e+01
   4.8025465e+00
  -1.8138933e+01
  -1.1246891e+01
  -5.6803627e+00
  -1.6900318e+01
   5.2823811e+00
  -2.0268498e+00
  -1.6253416e+01
  -2.1723377e+00
  -9.5669443e+00
  -6.1866386e+00
  -1.3102660e+01
   1.1275084e+01
  -2.9404111e+00
  -2.9835715e-01
  -4.5381424e+00
  -2.1275965e+01
  -1.4005568e+01
  -1.2796075e+00
  -1.1022990e+01
   9.1869113e+00
  -1.6150996e+01
  -1.1913433e+01
  -2.1760833e+01
  -3.5312502e+00
  -3.5103182e+00
  -3.1174397e+00
  -1.0938981e+01
   8.0110191e+00
   3.3708970e+00
  -6.4904645e-01
  -3.5922698e+01
  -1.4656699e+00
  -8.5640270e+00
  -4.5354987e+00
  -2.3841655e+01
  -4.6582233e+00
  -1.4237529e+01
  -5.3533497e+00
  -1.7872869e+01
  -8.4580411e+00
   1.4775787e+00
  -2.2970170e+01
  -3.9297188e+00
   1.7150158e+00
  -1.2881239e+01
  -1.3086902e+01
  -1.2578211e+00
   7.7315741e+00
  -1.0818385e+01
  -9.8040282e+00
  -6.0780150e+00
   2.0554079e+00
  -2.7788838e+00
  -9.5543891e+00
  -6.9139711e+00
  -1.3291599e+00
  -8.6994924e+00
  -9.1785414e-01
  -1.5883158e+01
  -2.4822025e+00
  -1.8114257e+01
   1.9682880e+01
  -2.3248350e+01
   3.3313429e+00
  -3.7354937e+00
  -5.9544354e+00
  -1.9762502e+01
   2.8754587e+00
  -2.3580150e+01
  -5.6368092e+00
  -1.9094381e+01
   5.2825937e+00
  -9.6943209e+00
  -9.4782537e+00
  -1.0836251e+01
   5.6744501e+00
  -3.6729053e-02
  -4.5141104e+00
  -2.0021198e+01
  -3.9386370e+00
  -1.4092275e+01
  -1.1719945e+01
   1.6560146e+00
   9.5419889e-01
  -4.0305414e+00
  -5.1965242e-01
   1.9729529e+00
  -1.3078342e+01
  -1.4067617e+00
  -5.2976251e+00
  -2.6353047e+01
   1.7069187e+01
  -1.0077507e+01
  -2.0235493e+01
  -1.1486196e+01
  -6.1043245e-01
  -1.8649019e+01
  -1.5930862e+01
  -2.0243550e+01
   3.7782334e+00
  -1.3221668e+01
   8.9552049e-01
  -1.7362000e+01
   7.1873210e+00
   2.0836045e+00
  -8.5200614e-01
  -1.8642563e+01
  -1.8886084e+00
  -1.0610255e+01
   1.0973111e+01
  -1.2786149e+01
  -1.8310640e+01
  -7.9679242e+00
  -8.9256153e+00
  -1.3899684e+01
   5.3345352e-01
  -1.0346182e+00
  -1.6007733e+01
  -1.0960752e+01
   2.6731059e+00
  -9.7501351e+00
  -9.8261322e+00
  -1.1663642e+01
   3.8124856e+00
  -4.5970480e+00
  -1.3238179e+01
  -2.7710693e+01
   1.1149446e+00
  -2.9816359e+00
  -1.8313047e+01
  -1.0169702e+01
   9.4385855e+00
  -6.8844693e+00
   4.4331232e+00
  -9.0282177e+00
  -8.0228262e+00
  -1.3104986e+01
   7.3928800e+00
  -1.5728804e+01
   1.1896981e+01
  -2.7447291e+01
   6.2050801e+00
  -1.9587802e+01
  -2.9431291e+00
  -7.3286095e+00
  -2.9163295e+00
  -1.8306099e+01
   3.3526072e+00
  -6.3430551e+00
  -2.6728184e+00
  -2.3721023e+01
   2.0274233e+00
   4.6359675e+00
  -9.5134966e+00
  -6.7909946e-02
  -1.5944371e+01
  -6.1991350e+00
  -3.6321405e+00
  -2.8941689e+01
   2.3687365e+00
  -9.7464636e+00
  -1.0632439e+01
  -5.2749620e+00
   4.3799045e-01
  -8.7170331e+00
  -2.3068894e+01
  -1.1368576e+01
  -5.1967417e+00
  -1.9310477e+01
  -1.8081490e-01
  -6.7497259e+00
   6.5159343e+00
  -6.3091898e+00
  -8.7980548e+00
  -1.7891969e+01
   5.3171593e+00
  -9.9306859e+00
  -3.3095464e+00
   4.8535395e+00
   2.0203030e+00
  -1.2462132e+01
  -2.0404433e+00
  -2.3781545e+01
  -8.3021858e+00
  -7.4827845e+00
   2.2734850e+00
  -2.1518993e+01
   2.5562678e+00
  -1.4599795e+01
  -1.1532362e+01
  -9.2630272e+00
  -5.1710943e+00
  -1.2405977e+01
   2.5048998e+00
   2.5676248e+00
  -5.4694737e+00
  -1.5104984e+00
  -5.1492656e+00
  -2.0469660e+01
   1.1214887e+01
  -5.9417652e+00
  -7.6094382e+00
  -6.6230056e+00
  -2.5261667e+00
  -1.3513063e+01
  -1.4391641e+01
  -2.0711114e+01
   2.6360066e+00
  -5.3656746e-02
   7.6536437e+00
  -2.1315716e+01
  -3.9709739e+00
  -1.6443096e+01
  -1.4318815e+01
  -1.8980121e+00
   4.6198073e+00
  -1.6247986e+01
   8.6458562e+00
  -2.2422243e+01
   7.8531310e-01
  -1.8486670e+01
  -3.3970447e-01
  -2.5941133e+01
  -1.0088689e+01
   3.3781616e+00
  -1.1230831e+01
  -1.2715450e+01
   1.1383905e+00
  -2.0578250e+01
   9.4586131e+00
  -2.6955598e+01
  -3.5062759e+00
   9.2952550e+00
  -3.8394020e+00
  -8.4600607e+00
   4.5833221e+00
   2.0856786e+00
  -2.4095436e+01
  -1.2821578e+01
  -1.0173620e+00
  -1.3003289e+01
  -1.4968104e+01
  -1.7369339e+01
  -2.3717985e+00
  -1.0948336e+01
  -2.9360072e+00
  -8.7123368e+00
   9.2632116e+00
  -3.0578607e-01
  -2.9072377e+00
  -1.9857547e+01
  -2.5058743e+00
  -3.7400337e+00
   6.6232500e+00
  -1.9708647e+01
   6.1122584e-01
  -1.1390562e+01
  -2.2714177e+00
  -1.5866134e+01
  -9.2691325e-01
  -1.4575294e+01
  -7.1551453e-01
  -1.1569830e+01
  -7.8640183e-01
  -1.3527609e+01
  -6.8667957e+00
  -5.2502861e+00
   4.6159281e+00
  -1.8271326e+01
  -4.3727909e+00
  -1.4532275e+01
   6.8306228e+00
  -7.9271052e+00
  -1.7508531e+01
   2.7385515e+00
  -7.0444164e+00
  -1.5703291e+01
   1.1348529e+00
  -2.7952234e+00
  -1.0469396e+01
  -8.8569803e+00
  -1.1781027e+01
  -1.6841324e+01
  -1.0037281e+01
  -4.5579904e+00
  -9.6798058e+00
  -5.0697914e+00
  -6.8918104e+00
  -1.7820304e+01
   1.8734006e+00
  -2.1921895e+01
  -2.3179056e+00
  -3.6214743e+00
   4.5382223e+00
  -1.0824981e+01
   2.7905248e+00
  -1.7277774e+01
  -1.7242276e+01
  -6.4384281e+00
   1.0746609e+01
  -2.0496481e+01
  -3.4459805e+00
  -2.2300692e+01
   7.5969993e+00
  -8.8952375e-01
  -1.7571643e+01
  -1.9238470e+01
   1.4915893e+01
   1.6519882e+01
  -1.9669277e+00
  -1.2956180e+01
  -9.2537989e+00
  -5.9701855e+00
  -1.1503304e+01
  -1.6761840e+01
   3.2642129e-02
   2.9760713e+00
  -7.6473786e+00
  -2.1903963e+01
   2.5755815e+00
  -1.3133954e+01
  -1.7269976e+01
  -6.5026985e+00
   1.1668309e+01
  -2.7345039e+00
   9.4209313e+00
  -1.6271066e+01
  -9.0341659e+00
  -2.0639897e+01
  -1.0943465e+01
  -2.7506738e+01
   1.5638725e+01
  -1.8064436e+00
  -4.6772526e+00
  -1.4580008e+01
  -1.1418935e+01
  -1.4751339e+01
   1.3715502e+01
  -1.8444982e+01
   1.6767102e+01
  -6.9170724e+00
  -3.7392652e+00
  -3.1262107e+01
  -1.6842508e+01
  -4.2870656e+00
  -2.8385071e+01
  -4.7379921e+00
   1.5098362e+01
  -4.1965551e+00
  -5.7312301e+00
  -2.2195025e+01
  -8.9960074e+00
   3.4235327e-01
  -1.2180153e+01
  -1.4563882e+01
   6.7193844e+00
  -1.0894775e+01
  -8.1010360e+00
  -1.9350577e+01
  -5.0975420e+00
  -1.3690867e+01
   4.2761326e+00
  -4.9579991e+00
   3.9069468e+00
  -1.2608004e+01
   5.4541509e+00
  -1.9168914e+01
  -4.2435863e+00
  -1.8322928e+01
   1.3062816e+01
  -6.1483609e+00
  -2.6887695e+00
  -2.0375435e+01
   4.4014294e-01
  -1.8661386e+01
  -9.2872870e+00
  -8.3693802e-01
  -2.0407765e+00
  -1.1170306e+01
   4.4626490e+00
  -9.2267988e-01
  -7.4153676e+00
  -1.5039741e+01
  -1.1381580e+01
   1.7223575e+00
  -8.0137500e+00
  -6.4468273e+00
  -1.3676188e+01
  -9.6680456e+00
  -8.9887392e+00
  -1.6384049e+01
  -1.0036310e+01
  -6.0454530e+00
  -1.8082988e+01
   3.6578233e+00
   3.6828675e-01
  -1.1938781e+01
   4.8294713e+00
  -2.0821657e+01
  -2.1326100e+00
  -5.3222244e+00
  -4.1372520e+00
  -5.5086711e+00
   4.4926265e+00
  -2.0819405e+01
  -1.4487839e+01
  -1.2422079e+01
   3.9591047e-01
  -2.3281396e+01
   1.0385411e+01
  -9.4279370e+00
   2.7028622e+00
  -1.5061139e+01
  -6.9383530e+00
  -2.1524085e+01
  -4.3949944e+00
  -5.8452354e+00
  -3.1483266e+00
   1.8109572e-01
   3.5206938e+00
  -1.7085983e+01
  -1.6047100e+01
  -1.3050052e+01
  -5.5549500e+00
   2.2730003e+01
  -3.9990270e+00
  -1.9737810e+01
   1.2148839e+01
  -1.0740541e+01
  -1.1538102e+01
  -2.4108170e+01
   2.0262922e+01
  -7.8993192e-01
  -5.4308623e+00
  -1.1243555e+01
  -2.0781565e+01
  -1.1528078e+01
  -3.6861415e-01
  -6.3857354e+00
   1.0513863e+01
  -2.8579177e+01
   1.5883788e+00
  -7.5677495e+00
   6.0666449e+00
  -3.1469585e+01
  -1.6310467e+01
  -6.1848001e+00
  -4.8973913e+00
  -1.0647989e+01
   3.6535645e+00
  -2.9469095e+01
   4.9144515e-01
  -1.7418965e+01
   2.6906129e+00
  -2.0802634e+00
   5.2854976e+00
  -1.7165417e+00
  -5.2758745e+00
  -2.2197065e+01
  -9.0682620e+00
   9.2042782e+00
  -3.0873664e+00
  -1.3346064e+01
   7.0706281e+00
  -4.2910347e+00
  -1.7692504e+01
  -1.5224671e+01
  -3.9526991e+00
  -1.2471753e+01
  -5.3985377e+00
  -3.7247584e+00
  -7.6458303e+00
  -1.2441461e+00
  -1.7381355e+01
  -1.6194323e+01
   8.9615420e+00
  -1.2898377e+01
  -2.0610571e+00
  -2.4143300e+01
   2.1137227e+01
  -3.3366894e+00
  -1.1353836e+01
  -1.4928488e+01
  -8.3994943e+00
  -9.9137564e+00
  -8.8026288e+00
  -1.7499949e+01
   8.0663027e+00
  -9.4538040e+00
  -4.3753315e+00
  -2.2586003e+01
  -9.2889066e-01
  -4.7111553e+00
   7.7179039e+00
  -7.4165325e+00
  -3.4911074e+00
  -4.5883169e+00
  -1.2802986e+01
  -2.0658066e+01
   5.0931095e-01
  -7.9997040e+00
   1.0384304e+01
  -1.3275297e+01
  -2.0281975e+01
  -1.4466490e+01
  -7.5059598e+00
  -1.3950430e+01
  -1.1547324e+00
   1.7423518e+00
  -2.2555913e+00
  -2.5848557e+01
   1.4243996e+01
  -1.3382469e+01
  -9.0725067e+00
  -7.5122620e+00
  -6.5313373e+00
  -1.3269866e+01
  -5.7657302e+00
  -4.7375353e+00
   4.6792202e-01
  -8.1504882e+00
  -1.2797188e+01
  -9.3052181e+00
   2.4907955e+01
  -1.1722752e+01
  -6.9618326e+00
  -8.8188499e+00
  -1.5219508e+01
  -2.2118614e+01
  -7.4104292e+00
  -7.5152039e+00
  -1.6915236e+01
  -6.7274827e+00
   1.1396248e+00
  -1.4093963e+01
  -9.3879939e+00
  -1.2073442e+01
  -6.4259835e+00
  -1.1134555e+01
   6.0556320e+00
  -4.5921212e+00
   3.7526193e+00
  -8.2332433e+00
  -2.3372573e+01
   8.1474218e+00
  -1.5784515e+01
  -1.2608600e+01
   1.2183137e+01
  -6.7678696e+00
  -5.1024947e+00
  -1.3190337e+01
  -4.7497112e+00
  -1.8253680e+01
   7.0746040e-02
  -5.7143542e+00
   8.5389416e-01
  -6.0565958e+00
   8.6748525e+00
  -3.4411465e+01
   6.3060759e+00
  -1.6683161e+01
  -1.1271094e+01
  -7.6705607e+00
  -1.8482128e+00
  -7.7499168e+00
  -1.4673100e+00
  -2.7377389e+01
  -7.4759801e-01
  -9.8317590e-01
   4.3619307e+00
  -1.4391831e+01
   1.2274823e+01
  -4.7784780e+00
  -2.3727412e+01
  -1.8765311e+01
  -1.0267560e+01
  -1.2618979e+01
  -1.4829046e+00
  -2.3992805e+00
   1.0541350e+01
  -1.7924392e+01
  -9.8371392e+00
  -2.0620318e+01
   2.6915257e+00
   4.7109688e+00
  -1.1311255e+00
  -1.1695285e+01
   1.8541941e+01
  -9.2438589e+00
  -1.2744663e+01
  -3.7135396e+01
  -9.6706484e+00
  -8.8260011e+00
  -2.1658321e-01
  -1.1853229e+01
   1.7311760e+00
  -1.2822187e+01
  -8.4393288e+00
  -2.0652039e+01
   7.3293709e+00
  -1.0460048e+01
   1.6462188e+00
  -1.2835685e+01
  -6.9601149e-02
  -5.4422295e+00
  -1.3806233e+01
  -3.1156852e+01
   3.0497569e+00
  -4.9514708e+00
  -4.6869680e-01
  -1.2352577e+01
  -8.0193624e+00
  -3.7715903e+00
  -4.4727059e+00
  -4.9256227e+00
  -1.2064993e+01
   7.9313589e+00
  -6.6037042e+00
  -1.0590523e+01
  -3.9106034e+00
  -1.7820754e+01
  -4.0551974e+00
   5.0057776e+00
  -6.6298226e+00
  -1.0814135e+01
  -5.6080439e+00
  -2.8994001e+00
   2.4026229e+00
  -1.6341260e+01
  -8.2377221e+00
  -2.7023602e+01
   8.3164797e+00
  -3.7197985e+00
  -1.2246935e+01
  -3.3353667e+00
   1.0528731e+01
  -1.8878337e+01
   4.3313180e+00
  -1.8803027e+01
  -7.6224048e+00
  -1.4833646e+01
   9.4220025e-01
  -1.7998906e+01
   5.2214620e+00
  -1.5801572e+01
  -6.9788407e+00
  -1.3398893e+01
  -2.2931521e+00
  -1.6195561e+01
   4.1115810e+00
  -1.4843916e+01
  -9.2811569e+00
  -1.6409400e+00
  -1.5669420e+01
  -1.8051551e+01
  -1.5947530e+00
   3.7076062e+00
  -2.5938131e+01
  -4.6907291e+00
   7.5107693e+00
  -1.3375290e+01
  -1.0087429e+00
  -1.4358420e+01
   6.2879361e+00
  -1.5262165e+00
  -4.3383237e+00
  -1.0201202e+01
  -7.4901019e+00
  -1.8881526e+01
   1.8961970e+00
  -1.4041825e+01
   4.0386105e+00
  -1.5692041e+01
   9.6050141e-01
  -1.4505244e+01
  -3.0903716e+00
  -6.0524777e+00
   7.2230908e+00
  -2.3388410e+01
   6.1349970e+00
  -7.5002740e+00
  -9.7830538e+00
  -2.1755650e+01
   2.6995012e+00
   4.2438188e+00
  -1.2065788e+00
  -2.4155771e+01
  -7.2050074e+00
  -5.7189986e+00
  -7.4848200e+00
  -1.0903443e+01
  -1.9911087e+00
  -1.5055811e+00
  -1.0154395e+01
  -1.7858301e+00
  -8.5199375e+00
  -1.0234911e+01
  -9.1707881e+00
  -1.7320929e+01
  -2.4016970e+00
  -7.5005022e+00
  -1.2613745e+01
  -9.9899687e+00
   4.3182997e+00
  -1.3538610e+01
  -2.3625242e+01
  -1.5761977e+01
   1.1752072e+01
  -9.0054516e+00
   4.3646687e+00
  -9.8883985e+00
   3.5894079e+00
  -9.2606365e+00
  -7.3195575e+00
  -1.3534988e+01
   4.7923542e+00
  -1.6789886e+01
  -7.2302188e+00
  -1.2925132e+01
  -5.0145174e+00
  -2.5233645e+01
   6.1273411e+00
  -1.8243610e+01
   8.2778349e-01
  -2.8976358e+00
  -1.1033162e+01
  -2.4547200e+00
  -8.6342938e+00
  -5.9690851e-01
  -8.6033925e+00
  -4.7453470e+00
   1.5725605e+00
  -1.8592921e+01
   1.0816105e+00
  -3.3304819e+01
  -4.7900814e+00
  -1.0130901e+01
  -4.8152754e+00
  -1.3164018e+01
   1.2972270e+01
  -1.2650290e+01
  -1.0698218e+01
   3.9496317e+00
   1.4926223e+00
  -2.2899807e+01
  -4.0895792e-01
  -1.4656562e+01
   1.0913417e+01
  -1.7895636e+01
   3.5201922e+00
  -1.7680644e+01
  -9.2034403e-01
  -1.7781034e+00
  -9.6435545e+00
   7.2794046e+00
  -8.7692681e+00
  -2.3723205e+01
   7.4503860e+00
  -2.2100600e+01
  -9.9044484e+00
   4.9460012e-01
  -3.3057677e+00
  -1.7381602e+01
  -1.6509338e+01
  -1.0633380e+00
  -1.7526913e+01
  -8.8852118e+00
  -1.3425233e+00
  -3.9516900e+00
   2.5959711e+00
  -2.4337291e+01
  -2.1672448e+00
  -1.1779932e+00
  -1.1987773e+01
  -1.8603946e+01
  -7.9002099e+00
   4.1012017e+00
  -2.5813740e+01
  -2.0492920e+01
   2.0885091e+01
  -2.2415606e+01
  -2.3825594e-01
  -2.0671235e+01
   6.2160913e+00
   5.0757226e+00
  -5.7424786e+00
  -2.1864766e+01
   1.3321106e+01
   4.6549147e+00
  -8.9901857e+00
  -2.4879202e+01
   7.0029245e-01
  -1.1507670e+01
  -4.4531416e+00
  -9.8272738e+00
  -5.4299327e+00
  -7.3348152e+00
  -2.1161741e+00
  -1.5355623e+01
   1.2230598e+01
  -6.9867301e+00
  -1.1060830e+01
   1.4976798e-02
  -8.6312529e+00
  -1.0002541e+01
  -2.6488686e+00
  -1.3596848e+01
   4.0272158e+00
  -9.0410344e+00
  -4.7060324e+00
  -1.4314104e+01
  -1.4939801e+00
  -2.4248184e+00
  -1.5664620e+01
  -1.9095140e+01
  -6.4658492e+00
  -1.0883802e+01
   3.2583572e+00
  -2.1125494e+01
   1.9353119e+00
  -1.2104650e+01
  -1.7761154e+00
  -2.2744934e+01
  -2.6448126e-01
  -2.5975167e+00
  -2.4424076e+00
  -1.1627305e+01
  -3.4723753e+00
  -2.2468635e+01
   6.7887336e+00
  -1.3665810e+01
   1.9584148e+00
  -1.4616386e+01
  -7.0862898e+00
   8.6229136e-01
  -5.9998423e+00
  -6.2850148e+00
   3.0362304e+00
  -7.7456478e+00
  -2.1107612e+01
  -1.2520985e+01
   8.2556638e+00
  -1.6177009e+01
  -1.0953245e+00
   7.7043163e+00
  -8.7432297e-01
  -1.9610522e+01
  -4.0408807e+00
  -9.4356178e+00
  -1.3105464e+01
  -1.2997613e+01
  -6.0446361e+00
  -4.2937955e+00
  -8.1657108e+00
  -8.0986593e+00
  -8.0136035e+00
   1.6226630e-01
  -1.1265474e+01
  -2.2022636e+01
   1.6632156e+01
  -1.3849738e+01
  -8.3161782e+00
  -1.5385592e+01
   3.3560495e+00
  -1.0753029e+01
  -2.5245772e+00
  -4.0125554e+00
   1.2514083e+00
  -1.3558611e+01
   4.5806543e+00
  -2.4468579e+01
  -2.4377679e+00
  -2.0993028e+01
  -4.1671960e+00
  -9.3642044e+00
   1.0146578e+01
  -2.3806228e+01
  -4.9151863e+00
  -4.3004622e+00
  -7.0942895e+00
  -8.7840204e+00
  -1.5082458e+01
  -7.8511830e+00
   1.9181300e+01
  -9.6395792e-01
  -1.7779963e+01
  -1.7768822e+01
   1.7915736e+00
  -7.6729002e+00
  -1.1631808e+01
  -9.2633173e+00
  -1.7668048e+00
   7.5551032e+00
  -3.6502665e+00
  -2.8768919e+01
  -4.1395527e+00
  -1.5232017e+01
   2.3716022e+00
   5.1128459e+00
  -1.8042214e+00
  -2.1731725e+01
  -8.7229953e-01
  -1.1738934e+01
  -9.7463027e+00
  -1.4522971e+01
  -1.2406258e+01
  -1.6722843e+01
   1.5795422e+01
  -1.6475129e+01
  -1.0546250e+01
  -1.8479315e+01
   5.7387744e+00
  -5.8649178e+00
  -2.0818509e+00
   1.9670821e+00
  -7.1039951e+00
   1.9238138e-02
  -4.9433730e+00
  -2.0978477e+01
   3.9395536e+00
  -1.2699110e+01
  -6.9230278e+00
  -2.5329281e+00
  -6.2360272e+00
   7.5574656e+00
  -1.5264667e+01
  -2.9193450e+01
  -4.9283412e+00
   5.3669164e+00
   2.7260539e+00
  -1.9974528e+01
   5.1377750e+00
  -1.1423930e+01
  -1.2950428e+01
  -2.3768439e+01
  -1.0456346e+00
   9.5002191e-01
   5.3694581e-01
  -2.5034163e+01
   4.5686214e-01
  -1.3276958e+01
  -8.5106980e+00
  -1.5422797e+01
  -1.1615396e+00
  -1.2514872e+01
  -3.0958532e+00
  -1.2172840e+01
  -1.1221241e+00
  -1.5045858e+01
   6.2615648e+00
  -1.7217732e+01
  -1.1404291e+01
  -2.7106435e+00
   1.1673754e+00
  -1.0069858e+01
   1.6387952e+01
  -5.7990838e+00
  -8.2078907e+00
  -1.8685599e+01
   3.3692806e+00
   1.7169037e+00
  -1.0629928e+01
  -1.4630128e+01
  -1.4923431e+01
  -2.2016985e+00
  -1.4383528e+01
  -2.3407772e+01
  -2.8052066e+00
  -1.4671447e+01
   5.8812704e-01
  -6.7365851e+00
   1.0667837e+01
  -3.0987733e+01
   1.1112387e+01
   1.8540260e+00
  -8.7402213e+00
  -2.5351411e+00
  -4.4647594e+00
  -1.9150516e+01
   4.2514180e+00
  -3.6403099e+01
  -9.8201823e+00
  -9.5579731e+00
   4.5832830e+00
   1.9183941e+00
  -4.6327283e+00
  -2.6547345e+00
  -9.3851294e+00
  -2.8295568e+00
   2.5984920e+00
  -2.7916042e+01
   3.6608082e+00
   8.2080777e+00
  -2.1170446e+01
  -9.5672799e+00
  -1.2395117e+01
  -9.8084176e+00
  -5.7353660e-01
  -6.2482560e+00
  -4.1643712e+00
  -4.0776432e+00
  -5.2387068e+00
  -2.1490460e+01
   4.0583508e+00
  -1.0402616e+01
  -7.9441418e+00
  -6.9885462e-01
   6.8794972e+00
  -1.2587378e+01
  -1.2779552e+01
  -2.6586734e+01
   2.8457099e+00
  -3.4953268e+00
   9.7563186e+00
  -1.5817295e+01
   2.2058305e+00
  -1.8440940e+01
  -1.5170982e+01
  -1.5011039e+01
   7.8849400e+00
  -2.3756824e+01
  -1.9481151e+00
  -8.5269048e+00
  -1.1816284e+01
  -1.8987837e+01
  -1.9550227e+01
  -1.0971392e+01
   6.5267049e+00
  -1.1669212e+01
   1.0740800e+01
  -6.9400978e+00
  -1.1002723e+01
  -4.0089718e+00
  -2.4646769e+01
   9.3119904e+00
  -6.0774755e+00
   5.8488490e+00
  -8.0984831e+00
  -2.0229882e+01
   6.8685698e-01
   4.4387452e-01
  -1.1137801e+01
  -2.5632058e+01
  -3.3396728e+00
   8.4509295e-01
   5.4152520e+00
  -1.2863137e+01
   3.7854408e+00
  -6.9302591e+00
  -6.1127012e+00
  -2.3734449e+01
   1.8495024e+01
  -3.3235317e+00
   4.4678362e+00
  -1.9928028e+01
  -6.6255013e-01
  -2.9817049e+01
  -7.7386455e+00
  -2.1225616e+01
   2.4736701e+00
  -8.0290320e+00
  -7.1925156e-01
  -7.5037863e+00
  -2.6861123e-01
  -1.2995908e+01
  -1.1557794e+01
  -1.2180248e+01
  -4.7292078e+00
  -1.9393681e+00
   7.2671907e+00
  -2.0048468e+01
  -1.6851099e+01
   9.1795359e-01
  -8.5329175e+00
  -1.8424653e+01
   3.8010120e+00
  -8.0643000e+00
   5.9321354e+00
  -1.1913634e+01
  -1.2083094e+01
  -1.6704406e+01
  -3.3278915e+00
  -1.0346691e+01
   1.0073005e+00
   6.1877419e+00
  -1.1271491e+01
  -3.3600632e+01
   5.5752527e+00
  -2.3180375e+01
  -4.4945098e+00
  -3.3838091e+00
   1.0463169e+01
  -1.8116041e+01
  -5.4790467e+00
  -1.5823404e+01
  -1.0247997e+01
  -1.4677077e+01
   3.3584754e-01
  -1.1600053e+01
   2.9443476e+01
  -3.3446585e+00
  -1.5635092e+01
  -1.0182466e+01
  -9.7432248e-01
  -1.5286606e+01
  -8.6422760e+00
   3.8916342e+00
   1.7244204e+00
  -7.4117606e+00
  -4.4773062e+00
  -2.5148885e+01
  -5.3524682e+00
  -1.2481762e+01
  -4.7108244e+00
   3.1555500e+00
  -1.3262725e+00
  -1.1938870e+01
   5.4383323e-01
  -2.5332313e+01
  -1.1929136e+01
   5.7468588e+00
   4.3285732e+00
  -1.6198321e+01
  -6.5407235e+00
  -1.2214606e+01
  -1.2207737e+01
  -1.7745355e+01
   1.7148964e+00
  -7.2194877e+00
   5.4823591e+00
  -1.7919950e+01
   4.2045999e+00
  -8.9861581e+00
  -1.7911917e+01
  -1.7013755e+01
   2.5772337e-01
  -3.4312246e+00
  -1.0183970e+01
  -4.2373641e+00
   1.0531964e+01
  -1.8194426e+01
  -1.9605990e+01
  -1.2708856e+01
  -1.3016395e+01
   1.6000500e+01
   2.1982792e+00
  -7.8095782e+00
  -1.5444327e+01
  -1.7226010e+01
  -5.1811969e+00
  -2.1593242e+01
   2.9118174e+00
  -7.1270590e+00
   3.3572359e+00
  -1.5031894e+01
  -1.1491636e+01
  -6.9399455e+00
  -5.0343515e+00
  -1.2331822e+01
   2.1609402e+01
  -1.5902751e+00
  -1.3363133e+01
  -9.2830942e+00
   1.7711903e+01
  -1.7548741e+01
  -1.1773458e+01
  -2.8691039e+01
   1.3733933e+01
  -3.3307192e+00
  -9.2829051e-01
  -1.8926870e+01
  -2.8895279e+00
  -1.3461702e+01
  -1.1593853e+01
  -4.3885441e+00
  -1.0116886e+00
  -4.2462984e-01
   1.3007022e+01
  -1.4962517e+01
   7.2244814e-01
  -2.3737461e+01
  -1.3342717e+01
  -1.6583828e+01
   9.1032489e+00
  -6.5520041e+00
  -1.6460761e+01
  -4.2727125e+00
  -1.0432900e+01
  -1.9850912e+01
   3.8885131e-01
  -1.6401622e+01
  -1.6636143e+00
  -2.9102254e+00
  -4.7335508e+00
  -2.3542175e+01
  -2.0089924e+00
  -6.0376598e+00
  -6.6674339e+00
  -8.6886393e+00
  -5.7239735e+00
  -2.7399017e+01
   1.2425873e+01
  -1.3164096e+01
  -4.8547986e+00
  -1.4047890e+01
  -7.7472827e+00
  -8.1781602e+00
   8.6982497e+00
   1.6634765e+00
  -5.9342788e+00
  -1.7221307e+01
   7.4994418e+00
  -1.8664048e+01
  -2.2386274e+00
  -1.8502456e+01
  -4.2486738e+00
   4.8116466e+00
  -1.3580684e+01
  -2.8066372e+01
  -5.1967505e-01
   3.7595741e+00
  -6.5262892e+00
  -5.0867419e+00
   1.5283914e+00
  -1.5854167e-01
  -9.1752592e+00
  -1.8047067e+01
  -4.1257050e+00
  -1.0305039e+01
  -4.8944033e+00
  -1.3641156e+01
  -6.6577899e+00
  -2.2624272e-01
  -1.9603723e+01
  -4.1565808e+00
   7.3849643e+00
  -6.7522938e+00
   1.1720295e+01
  -2.0741749e+01
   8.2577498e+00
  -2.7655827e+01
  -1.1124263e+01
  -2.2555101e+01
   1.4565801e+01
  -2.7983838e+00
  -1.2909621e+01
  -2.7145895e+01
   1.4693982e+00
  -2.5649158e+01
   3.5803627e+00
  -1.4345910e+01
   5.8547621e+00
  -7.0024234e+00
  -1.8377370e+00
  -5.0643242e+00
  -9.9026305e+00
  -1.4815252e+01
  -1.6552478e+01
  -4.6950871e+00
   6.8569394e+00
  -1.0894688e+00
   5.6050133e+00
  -1.7066232e+01
  -1.8472174e+01
  -1.0724358e+00
  -1.8773818e+01
  -1.2183834e+01
   2.0539713e+00
   3.1758043e-01
  -9.7400375e+00
  -6.7123206e+00
  -1.3208844e+01
  -5.0411559e+00
  -1.3255494e+01
  -4.4570912e+00
   1.0104839e+01
  -2.1019308e+01
  -7.2282420e+00
  -1.6498104e+01
   8.3641975e+00
  -1.4719943e+01
  -7.2986690e+00
   3.5264742e+00
   3.1170757e+00
  -1.5591771e+01
   8.7940412e+00
  -3.0158734e+01
  -2.2232924e+00
  -1.2394964e+01
  -1.9023745e+00
  -2.1256023e+01
   3.3985989e+00
   3.4792311e+00
   6.0503157e+00
  -1.7566705e+01
  -2.6077814e+01
  -1.1880804e+01
   8.0489202e+00
  -3.3580971e+00
  -5.3807364e+00
   3.7144792e+00
   3.0256184e+00
  -2.3186365e+01
  -1.3442342e+01
  -6.8024691e+00
  -1.0992701e+01
  -6.2430293e+00
   4.6843780e+00
  -2.0696861e+01
   6.3672411e+00
  -3.0334325e+01
   2.5510603e-01
  -2.6975052e+00
  -7.0066199e+00
  -1.7002547e+01
   2.1336500e+00
  -1.1411389e+01
  -6.5495672e+00
  -1.8702045e+01
   8.1180973e+00
  -2.1154524e+01
   8.9980748e+00
  -1.7022886e+01
   4.2259002e+00
   1.7098244e+00
  -1.5730030e+00
  -2.0481014e+01
   9.0538173e+00
  -9.2899687e+00
  -7.4555891e+00
  -2.2951511e+00
   3.9538151e+00
  -2.2693899e+01
  -1.7103809e+01
  -7.8415037e+00
  -1.5035241e+01
  -8.5399433e+00
   2.6809399e+00
  -1.2631783e+01
   4.7014063e+00
  -6.2941423e+00
  -1.7292141e+01
  -1.1085863e+01
  -9.9795375e+00
  -1.0872675e+01
  -1.4505704e+01
  -6.7151132e+00
   1.1328577e+00
  -7.5359278e+00
  -2.6196746e+00
  -2.3096299e+01
   5.5938884e+00
   1.9873757e+00
  -7.7031680e+00
  -9.5776652e+00
   7.7447242e+00
  -5.5590922e+00
  -1.0696056e+01
  -1.5481229e+01
   9.8948513e+00
  -6.7383176e+00
  -6.0648817e+00
   2.8938492e+00
   1.2919568e+01
  -2.3471819e+01
  -2.1406546e+01
  -7.7052927e+00
  -3.4337126e-01
  -7.6276922e+00
  -6.9402917e+00
  -1.5372004e+01
  -1.3235052e+01
  -1.1728301e+01
  -3.0048474e+00
  -8.1882218e+00
  -1.4479479e+01
  -1.7905015e+00
  -5.9896664e+00
  -1.1017601e+01
  -2.7369008e+00
  -1.8372577e+01
   7.7100208e+00
  -1.5922654e+01
  -6.9174253e+00
   3.4190362e+00
  -1.3515874e+01
  -2.2555030e+01
   7.2024748e+00
  -1.4424910e+01
  -2.1252697e+00
  -2.4707133e+01
   9.9116350e+00
  -9.9413032e+00
   2.1108058e+00
  -2.2302571e+01
   5.6805532e-01
  -6.0528024e+00
   5.0086021e+00
  -2.7174806e+01
   1.0837096e+01
  -1.0112231e+01
  -1.5777165e+01
  -1.8375937e+01
  -1.4290593e+00
  -2.9418295e+00
   1.0273686e+01
  -1.6059254e+01
  -1.7852564e+01
  -8.5891774e-01
  -6.8649456e+00
  -7.1942975e+00
  -2.3111883e-01
  -1.0440739e+01
  -9.4716280e+00
   1.5622934e+00
  -6.6113292e+00
  -1.1957173e+01
   5.5796751e-01
  -1.0698827e+01
  -1.1606055e+00
  -9.0807752e-01
   1.8433425e+00
  -2.7954367e+01
  -5.3321886e-01
  -1.1780278e-01
   7.2509100e-01
  -1.3595918e+01
  -1.1002273e+01
  -1.3937600e+01
   2.4031876e+00
  -2.2839515e+01
  -9.2093546e+00
  -1.2951220e+00
  -5.0159118e+00
  -2.3099083e+01
   8.7893590e+00
  -1.0003925e+01
  -1.2567176e+01
  -1.4324771e+01
   1.3236647e+01
  -2.4087459e+01
  -6.3907745e+00
  -3.8752821e+00
  -2.1193191e+00
  -3.9529359e+00
  -1.3677799e+01
  -1.0957851e+01
  -2.5945733e+00
  -1.5151943e+01
  -9.9136441e+00
  -4.6272871e+00
  -2.7433091e+00
  -1.3552535e+01
  -1.1729137e+01
   8.4984671e+00
  -7.5041151e+00
  -1.0337314e+01
  -8.4035969e+00
  -1.2701031e+01
   1.1398077e+01
  -2.6011219e+01
  -1.1719885e+01
  -9.8924202e+00
  -4.4208263e+00
  -1.1879830e+00
  -1.4822952e+01
  -2.0035531e+01
   9.8316927e+00
   6.8448965e+00
   4.9392791e+00
  -2.6499628e+01
   6.3429094e+00
  -6.3292010e+00
  -5.2213038e-01
  -2.1076927e+01
   5.1374513e+00
  -1.8229644e+01
  -4.0562143e-01
  -1.2028477e+01
  -1.4110411e+01
  -4.8543905e+00
  -7.1426535e+00
  -3.7671158e-01
   1.4722552e+01
  -1.3419023e+01
  -7.6025562e+00
  -6.2963787e+00
   8.2457556e+00
  -1.3455066e+01
  -1.2176079e+01
  -1.3305689e+01
   6.3292623e-01
  -4.4366841e+00
  -1.7525614e+01
  -1.8502389e+01
  -5.0192853e+00
  -6.7001434e-01
  -5.1201116e+00
  -1.7661433e+01
  -5.0107271e+00
  -1.3378855e+01
  -7.5324957e+00
  -1.4071690e+01
  -7.5966542e+00
   1.4173793e+00
  -6.3278070e+00
  -1.8976423e+01
   7.2727088e+00
  -1.6498197e+01
   1.1002926e+00
  -1.4997621e+01
  -6.1278205e+00
   1.7632315e-01
   6.4836892e-01
  -6.4108234e+00
  -1.7152871e+01
  -5.9040655e+00
  -4.1434111e+00
  -4.0218643e+01
   1.3031871e+01
  -1.3601329e+01
  -9.5788246e+00
  -7.2841633e+00
  -5.4340645e+00
  -1.6554371e+00
  -2.8743262e+00
  -6.5670527e+00
  -1.2995007e+00
   1.4264174e+00
  -1.1497095e+00
  -1.6857921e+01
   1.0336300e+01
  -1.7644093e+01
  -5.5265964e+00
  -4.3212483e+00
  -6.7777237e+00
  -7.7144509e+00
  -4.4462673e+00
  -6.9116070e+00
  -1.0015564e+01
  -6.6799031e+00
  -1.6896221e-01
  -3.0653367e+01
   8.5037191e+00
  -5.7752905e+00
   2.5657703e+00
  -1.4967487e+01
   1.0143102e+01
  -1.7414983e+01
   1.1566668e+00
  -2.6227611e+01
  -1.9585585e+00
  -1.4772764e+01
  -1.0475123e+01
  -1.6659424e+01
  -8.5533909e-02
  -1.8782718e+01
  -6.9414931e+00
  -4.2266159e+00
   8.2015438e+00
  -2.5518443e+01
  -1.0823811e+01
  -1.9198401e+00
  -5.3894707e+00
  -3.1895261e+00
  -1.8781325e+00
  -1.8235768e+01
   5.8146060e+00
  -1.3314164e+01
  -1.3293041e+01
  -1.5653269e+01
  -6.7074582e+00
  -1.4925818e+00
  -1.7137710e+00
  -1.0516407e+01
  -1.5713266e+01
  -5.8452823e+00
  -4.5172526e+00
  -1.1858378e+01
   1.4316860e+01
  -5.5377660e+00
  -9.0058536e+00
  -1.6643658e+01
  -5.1090375e+00
  -2.5279362e+00
  -6.6954065e+00
  -4.0775663e-01
  -4.0638056e-01
  -1.1620739e+01
  -1.9838913e+00
  -2.3582052e+01
  -3.4599247e+00
  -2.0941949e+01
  -2.2701923e+00
  -1.4433156e+00
   1.2336454e+00
  -1.0848859e+01
  -4.6082524e+00
  -1.9199486e+01
  -2.4132335e+00
  -1.8828881e+00
  -4.5609560e+00
  -8.3386775e+00
   2.4049415e+00
   1.3962224e+00
  -1.5215508e+01
  -9.9496663e+00
  -1.5079701e+01
  -4.9537041e+00
  -6.3771065e+00
  -1.3980945e+01
   1.3897877e+01
  -4.1635411e+00
  -1.6858509e+00
  -2.2195893e+01
   3.6833777e-01
  -1.6483088e+01
  -1.6427816e+01
  -1.9367450e+01
   1.0408401e+01
  -1.2343040e+01
   2.0774768e+01
  -2.0291619e+01
  -5.1022971e+00
  -5.9513895e+00
  -9.5057704e+00
  -1.9232089e+01
   1.7043573e+01
  -1.4066806e+01
  -4.4436087e+00
  -2.9722105e+01
  -8.3141530e+00
  -1.3415094e+01
  -5.2265572e+00
  -1.2873457e+01
  -3.1704065e+00
  -4.5049701e-01
  -7.2070766e+00
  -1.1391033e+01
   2.4517147e+00
  -1.3484686e+01
  -1.4841532e+01
   6.8084328e+00
  -2.0159052e+00
  -9.4907840e+00
  -3.3443839e+00
  -1.9047238e+01
  -1.3989856e+01
  -4.5585165e+00
   5.3113594e+00
  -2.4764756e+00
   3.9814402e+00
   2.0189521e+00
  -8.5508918e+00
  -1.8741432e+01
  -2.7221173e+00
  -1.8863776e+01
   1.6326727e+01
  -1.2959041e+01
   5.3985039e+00
  -1.4351437e+01
  -7.2211046e+00
  -2.7902949e+01
  -5.0351928e+00
  -5.5463649e+00
  -1.8462009e+01
  -5.3339934e+00
   9.4089866e+00
  -2.3655462e+01
  -2.1624741e+00
  -1.8137934e+01
  -1.5434279e+00
   7.3570584e+00
   1.4267377e+00
  -1.5630115e+01
  -3.9366253e+00
  -6.2818123e+00
  -1.7651555e+01
  -8.6213337e+00
  -9.8436186e+00
  -1.0205888e+01
   2.0913069e+00
  -1.3934004e+01
  -1.3601459e+01
  -2.0998515e+00
  -3.3958343e-01
  -1.7283118e+01
  -9.2836203e+00
  -3.3304972e-01
   7.4573469e+00
  -1.7897968e+01
   2.6415737e-01
  -1.0728711e+01
  -1.0639975e+01
  -2.1248715e+01
   9.0578311e+00
   1.9206385e+00
   3.3225767e+00
  -1.8994830e+01
   5.1111729e+00
  -1.3000575e+01
  -1.2828514e+00
  -9.6380817e+00
   4.4509487e+00
  -1.6932061e+01
  -1.1242025e+01
  -2.5992114e+01
   1.4704921e+00
  -1.9385738e+01
   1.2347778e+00
  -1.0661857e+01
   2.9755750e+00
  -3.2371730e+00
  -2.4246484e+01
   3.7954364e+00
  -9.3611708e-01
  -1.5849505e+01
  -5.3741809e+00
  -7.8281042e+00
   6.5579817e+00
  -1.4724999e+01
  -2.5340887e+01
  -1.0302019e+01
  -5.5660836e+00
  -1.0849005e+01
  -1.5790221e+01
  -3.4559322e+00
   7.6253068e+00
  -7.8370460e+00
   1.5514844e+01
  -1.9425886e+01
  -6.2772776e+00
  -1.6493982e+01
   2.8634082e+00
  -3.5265291e+00
  -3.2842583e+00
  -5.9613848e+00
  -7.3253239e+00
  -1.1706722e+01
   2.6741432e+00
  -2.3538542e+01
   2.6430593e+00
  -1.7884331e+01
   7.3830795e+00
   4.1286657e+00
  -2.2978498e+01
  -3.1149430e+01
   3.2985842e+00
  -1.6687914e-02
  -1.1754939e+01
  -1.0647022e+01
  -9.8324355e-01
  -9.0719988e+00
   1.2754761e+00
  -1.4240580e+01
  -6.9394429e+00
  -6.2829645e+00
  -3.2853530e+00
  -2.6262226e+01
  -6.1808532e-01
  -3.8449344e+00
  -1.5816116e+01
  -8.5285191e+00
  -1.0404585e+01
  -2.1088869e+01
   1.7024451e+01
  -2.3566438e+00
  -3.7057315e+00
  -4.7615364e+00
  -3.2673224e+00
  -3.1328475e+01
   3.9296783e+00
  -2.6744209e-01
  -7.3088719e+00
  -6.7400596e+00
   8.4105202e-01
  -1.5330144e+01
  -6.1979223e+00
  -2.6026581e+01
  -3.3914318e+00
  -9.9266786e+00
   3.0822793e+00
  -1.3028416e+01
   4.8512346e+00
  -7.7487062e+00
  -2.2455160e+01
   1.1343345e+00
   1.5017762e+01
  -5.4673845e+00
  -3.0048031e+00
  -1.8323328e+01
   1.4104982e+00
  -1.0701714e+01
  -1.7264726e+01
  -5.2792106e+00
   3.0954402e+00
   4.7827645e-01
  -6.2174036e+00
  -2.1193529e+01
  -3.6373037e+00
  -1.9083795e+01
  -1.2594780e+01
  -1.6682699e+01
   6.5091456e+00
  -3.7497466e+00
  -9.7735587e+00
  -1.3700369e+01
  -1.0474836e+01
  -2.4144515e+01
  -3.2033149e+00
  -6.9485650e+00
   1.5877183e+01
  -1.4458305e+01
   9.8776707e+00
  -2.1225594e+01
  -6.5940118e+00
  -1.5090401e+01
  -1.2419983e+01
  -7.3162981e+00
   9.6146708e+00
  -9.3064643e+00
  -7.6801719e+00
  -2.1628324e+01
  -2.6847048e+00
  -9.7386607e+00
   1.3793358e+00
  -1.5828096e+01
   7.0857940e+00
   1.1955950e+00
  -8.9389092e+00
  -2.2332333e+01
  -4.0444748e+00
   1.2478006e+00
  -5.9487499e+00
   6.0190353e-01
  -2.3303061e-01
  -1.7666472e+01
  -4.7154529e+00
  -2.2062780e+01
  -5.7070608e+00
  -9.3700840e+00
  -3.1220756e+00
  -4.9925841e+00
   2.0526272e+00
   6.6765094e+00
  -1.4496736e+01
  -1.4306861e+01
  -5.1275522e+00
  -1.2965151e+01
   1.2048809e+01
  -2.5505973e+01
  -5.9035053e+00
   6.1006504e+00
  -1.2404758e+01
  -2.4070425e+01
  -8.5255168e-01
  -3.9879021e+00
   8.7860933e+00
  -7.2261761e+00
   1.5119252e+01
  -1.7650113e+01
  -1.4416427e+01
  -1.8291868e+01
  -2.0393300e+01
   3.6492566e+00
  -1.2167409e+01
  -1.8341091e+01
   1.5593057e+01
  -1.4576338e+01
  -1.2569222e+01
  -1.5920232e+01
  -1.1507396e+01
  -3.4956273e+00
   1.1969345e+01
   5.2382232e+00
  -2.4731107e+01
  -5.3008469e+00
  -7.2699150e+00
  -2.6966962e+01
  -7.0814108e+00
   4.8151609e-02
   6.8566823e+00
  -7.6716795e+00
  -1.5999427e+00
  -2.6596670e+01
   4.4271283e+00
  -1.6016545e+01
  -3.8779868e+00
  -2.9885623e+00
   4.7143307e+00
  -1.1788847e+01
   2.5458369e+00
  -2.9498822e+01
  -1.6527394e+01
  -1.1704987e+01
   2.7816325e+00
  -1.0040331e+01
  -2.9811903e+00
  -2.0231811e+00
   1.3752818e+01
  -1.1172289e+01
   2.4443503e+00
  -2.3018677e+01
   1.5806272e+00
  -1.7775893e+00
  -8.5391211e+00
  -5.8961949e+00
  -7.2870997e+00
  -1.7492647e+01
  -9.6522825e-01
  -7.0198538e+00
  -8.8822984e+00
  -2.2447360e-01
  -3.3498190e+00
  -3.1318878e+00
  -7.9584280e+00
  -1.3142580e+01
  -3.0409629e-01
  -1.7710437e+01
   1.1461286e+01
  -1.1130412e+01
  -8.0587263e+00
  -1.9695682e+01
  -5.8055838e+00
  -2.1920590e+01
  -1.6399588e+01
  -2.3437202e+01
   1.8512704e+01
  -1.1196809e+01
  -7.2285539e+00
  -2.5345227e+01
   7.8338074e+00
  -5.2930178e+00
  -6.5557445e+00
  -1.6955918e+01
  -1.3186830e+00
  -7.3675267e-01
   3.1157299e+00
  -1.5513475e+01
   3.1703494e+00
  -2.4449004e+01
  -9.0595798e+00
  -3.1175640e+00
  -7.8528206e+00
   6.5395719e-01
  -1.0086039e+01
  -3.9262530e+00
  -8.9418870e+00
  -1.9007077e+00
  -9.0611215e-01
  -9.6902980e+00
   6.9263411e+00
  -1.5065501e+01
  -2.6306748e+01
   5.2106391e-01
  -1.4313883e+01
  -4.2519272e+00
   7.7933020e+00
  -8.6895169e+00
  -7.3308740e+00
  -7.5725643e+00
   6.3668129e+00
  -3.2100617e+01
   1.5126508e+01
  -6.7331598e+00
   1.7008022e+00
  -2.7621683e+01
  -2.7460992e+00
  -6.6601202e+00
  -1.3802885e+01
  -2.5761897e+01
   2.8311436e+00
   7.2057050e+00
  -3.9764285e+00
  -2.1498122e+01
   1.4877875e+01
  -7.2462799e+00
  -1.2355776e+01
  -1.3893335e+01
  -2.5879838e+00
  -7.8587986e+00
  -8.4085256e+00
  -1.0039386e+01
  -1.4495996e+01
  -4.8995549e+00
  -1.0762497e+01
  -1.4058248e+01
   1.6281066e+00
  -9.6867021e+00
  -1.5436936e+00
  -2.7129631e+00
  -3.6524808e+00
  -2.0259578e+01
  -1.1899043e+01
  -1.0954626e+01
   5.9223507e+00
  -4.1769208e+00
   4.3646280e+00
  -3.0510133e+01
   1.3710186e+01
  -7.0312376e+00
  -1.6672998e+01
  -9.8657002e+00
   5.1730290e+00
  -6.6215572e+00
  -2.8672877e+00
  -1.7455807e+01
  -9.9253693e+00
  -7.7025304e+00
   3.8294905e+00
  -2.5484812e+01
   5.5970504e+00
  -1.1850736e+01
   6.2716776e+00
  -7.0348937e+00
  -1.3643046e+01
  -1.4156869e+01
  -2.6196500e+01
   7.6573916e+00
   6.6132975e+00
  -5.3056430e+00
  -5.5664124e+00
  -1.3955120e+01
   2.4416487e+00
  -9.7429145e+00
  -2.5953085e+01
   2.2282201e+00
   1.0179995e+01
  -3.8545998e+00
   2.4048871e+00
  -1.4574525e+01
  -1.6698260e+01
  -1.7885514e+01
  -4.8191593e+00
  -2.8201003e+00
   3.5810030e+00
  -2.7280545e+01
   1.2696614e+01
  -2.1478255e+01
  -7.2861830e+00
  -2.1949214e+01
   1.0106926e+01
  -4.4019477e+00
  -5.5122680e+00
  -1.7527145e+00
  -9.0448659e+00
  -3.7337785e+01
   3.6574424e+00
  -1.5034892e+01
   1.3228850e+00
  -2.3669769e+01
  -4.1029356e+00
   1.3697370e+00
  -5.7140129e+00
  -2.1074535e+01
  -1.3667329e+01
   3.5284685e+00
  -2.0429737e+00
  -1.6891781e+01
   2.4676983e+01
  -1.2744455e+01
  -4.9449365e+00
  -8.1132183e+00
   6.6807816e+00
  -1.6491379e+01
  -1.3593131e+01
  -3.5212783e+00
  -9.7356804e-01
  -2.0200759e+01
  -1.1237888e+01
  -2.0179001e+01
   1.4599382e+01
  -8.0365998e+00
  -1.2127260e+01
  -9.3895153e+00
   7.2195735e+00
  -4.9159077e+00
  -2.6690917e+00
  -2.1000531e+01
  -3.6724413e+00
  -1.3591862e+00
  -3.5168198e+00
  -2.5374032e+01
   3.2480439e-02
   4.6353563e+00
  -1.7648730e+01
  -9.3438591e+00
  -8.5423010e-01
  -8.2789410e+00
  -3.5164208e+00
  -1.8654854e+01
   1.2284925e+00
  -1.4254784e+00
  -2.3681084e+01
  -5.7664064e+00
  -1.4563147e+00
  -2.4109349e+00
  -1.6826382e+01
  -1.0308876e+01
   1.8638193e+00
  -1.7851142e+01
  -5.5540089e+00
  -4.9774597e+00
  -1.2659611e+01
   4.6440946e+00
   4.4663360e-01
  -1.1941497e+01
   1.2214820e+01
  -1.7568909e+01
  -9.1421156e+00
  -1.7933099e+01
  -9.2244476e+00
  -1.2366944e+01
   4.6649907e+00
  -1.0862463e+01
  -1.0601363e+01
  -1.8847408e+01
   7.5069116e+00
  -1.6700055e+01
   4.5391543e+00
  -8.2261483e+00
   4.4401158e+00
  -1.1997839e+01
   2.8942157e+00
  -1.9253422e+01
   1.1475067e+00
  -1.6918007e+01
  -1.7107318e+01
  -2.1044715e+00
  -2.5022229e-01
  -2.1749219e+01
  -4.9777760e+00
  -1.6157320e+00
   2.4908493e+00
  -1.5740217e+00
  -8.6247397e-01
  -4.5663543e+00
  -6.3851219e+00
  -1.4652040e+01
   4.2460486e+00
  -1.1512338e+01
  -5.5379279e+00
  -2.3245145e+01
   2.8515773e+00
  -6.9721091e+00
  -1.0996972e+01
  -1.1209093e+01
  -2.8008574e+00
  -2.2122611e+01
   6.0642142e+00
  -2.3871126e+01
   6.1586511e+00
  -1.5252088e+00
  -4.1974859e+00
  -1.1643473e+01
  -5.3255121e+00
  -1.3148807e+01
   1.1724417e+00
  -1.6929861e+01
   1.6697845e+00
  -1.5750960e+01
   1.7238458e-01
  -1.0707903e+01
   3.4571389e+00
  -7.8876527e+00
  -1.0076357e+01
  -1.2768534e+01
   2.0888869e+00
  -5.9426209e+00
  -1.9354188e+01
  -8.0016067e+00
  -5.2950162e+00
  -5.7361942e+00
  -3.6796375e+00
  -1.1079268e+01
  -2.4721457e+00
  -7.4015044e+00
  -1.4385637e+01
  -1.1728576e+01
   3.4974345e+00
  -6.6081261e+00
  -2.1555296e+01
   4.4238362e+00
  -7.9850726e+00
  -1.1971278e+01
  -2.2378619e+00
  -1.9795721e+01
   2.4489723e+00
  -1.8201816e+00
  -3.1425653e+00
  -2.8789473e+01
   6.6534391e-01
  -1.2789278e+01
  -7.3049295e+00
  -3.4324353e+00
   1.6169027e+01
  -1.6741030e+01
   2.2580967e-01
  -2.0018228e+01
   2.5969629e+00
  -1.5980412e+00
  -1.0018418e+01
  -5.6531588e+00
   8.4072527e+00
  -5.2639673e+00
  -1.7259866e+01
  -2.3030458e+01
  -2.1260385e+00
  -1.7511474e+01
   1.0755697e+01
  -9.5807974e+00
  -4.0089266e+00
  -1.0042279e+00
  -1.3320663e+00
  -1.8052102e+01
  -1.3109119e+01
   5.5268323e-01
  -1.3233371e+01
  -5.5493801e+00
  -5.5270140e-01
  -2.0183127e+01
  -1.8760315e+00
  -1.2010885e+01
   6.0291869e-01
   8.7143998e+00
  -6.8431525e+00
  -2.2795656e+01
   9.1937134e+00
  -6.6962662e+00
  -4.2886161e+00
  -2.2672645e+01
   8.8449276e+00
  -1.7270568e+01
  -2.5718965e+00
  -1.6804900e+01
  -5.2735255e+00
  -8.2253319e+00
  -7.4381716e+00
  -2.4329349e+01
  -6.4543257e+00
  -9.7239192e+00
  -5.3950964e+00
  -6.2417999e+00
  -1.5349838e+00
  -1.2506174e+01
  -8.0668565e+00
  -1.7051647e+01
   6.3348721e+00
  -6.7564384e+00
  -9.1651815e+00
  -3.2308283e+00
   8.7263153e+00
  -1.4409479e+01
  -2.4132263e+01
  -1.3745370e+01
   2.0166582e+00
  -7.4190016e+00
  -5.6036878e+00
  -1.2017141e+01
   5.2126857e+00
  -6.1709205e+00
   9.8910874e+00
  -7.2472352e+00
  -1.8588801e+01
   6.1336432e-01
  -1.0194084e+01
  -9.9233607e+00
   3.5532523e+00
  -1.6615847e+01
   1.6224798e+01
  -3.6502576e+01
  -1.6104660e+00
  -9.0927980e+00
  -6.2385327e+00
  -1.5732110e+01
  -5.0643935e-01
  -6.7708528e+00
  -1.0646248e+01
  -1.5112370e+01
   5.4650838e+00
  -1.6588767e+01
   1.2929876e+00
  -1.6329935e+01
   5.2596101e-01
   2.7430900e+00
  -1.8187136e+01
  -3.9425175e+00
   1.4523662e+01
  -9.0272075e+00
  -1.5714729e+01
  -1.1234956e+01
  -6.1466715e+00
  -1.3982604e+01
   1.0902767e+00
  -1.5195625e+01
  -1.9022855e+01
  -6.6291640e+00
  -1.0550620e+01
  -2.5656566e+01
   1.0388940e+01
  -1.8284577e+01
  -3.4636239e+00
  -2.4491374e+01
   3.8505369e+00
  -7.8825996e+00
   7.9277591e+00
  -1.9727534e+01
  -5.6723485e+00
   1.0159291e+00
   1.1435746e+01
  -2.0300263e+01
  -8.2609007e+00
  -8.0614282e+00
  -1.3689957e+01
  -1.1873879e+01
  -3.1762430e+00
  -7.0100840e+00
   1.0110327e+01
  -9.1771066e+00
  -3.7820968e+00
  -1.1449848e+01
  -1.9516471e+01
   9.5742144e-01
   2.6245392e+00
   1.8899563e+01
  -1.9034549e+01
  -2.0905121e+00
  -6.5883574e+00
  -1.2896066e+01
  -5.5663576e+00
  -2.2702715e+01
  -8.7877163e+00
  -5.6367510e+00
  -5.0735401e+00
  -1.5483616e+01
  -5.0988336e+00
  -7.7277812e+00
  -8.5264348e+00
  -2.5465538e+00
   6.4549251e+00
  -2.1954802e+01
   1.2824132e+01
  -7.9802623e+00
  -4.6062758e+00
  -2.3293566e+01
   3.0109170e+00
  -1.4089562e+01
   9.7338454e+00
  -1.3208256e+01
   2.0814148e+00
  -1.3418663e+01
  -4.0108160e+00
  -1.8511354e+01
  -5.6937738e+00
  -4.0672211e+00
   4.6763135e+00
  -1.3289209e+01
  -7.2404516e+00
  -2.4702555e+01
  -9.3363428e+00
  -1.1942789e+00
  -1.5166234e+01
  -1.5231823e+00
   1.3190887e+01
  -3.9891962e+00
  -1.5358747e+01
  -2.1639239e+01
  -4.3050022e+00
  -1.1978866e+01
  -1.4807761e+01
  -1.0819492e+01
   1.1895461e+01
  -2.0659943e+01
  -8.6428207e+00
  -1.8401229e+00
  -7.8985984e+00
  -1.8503514e+01
   6.9166538e+00
  -1.1606120e+01
   1.5589862e+01
  -1.4584861e+01
   2.9499797e+00
  -1.6922421e+01
  -1.8601074e+00
  -7.0054646e+00
   9.2233384e+00
  -1.1868878e+00
   9.7789817e-01
  -2.3885106e+01
  -1.4479320e-01
  -2.8936676e+01
  -9.7074857e+00
   4.8609477e+00
  -8.7379469e+00
  -1.4483958e+01
   3.8444079e+00
  -9.9624052e+00
  -1.5338553e+01
  -3.7770682e+00
   6.9062690e-01
  -8.5351329e+00
  -1.3885852e+01
  -6.9365057e+00
  -8.9849261e-02
   1.1383457e+00
  -1.2487837e+01
  -2.5853291e+01
   1.5065908e+00
  -1.2422625e+01
  -8.1370211e+00
  -7.7535271e+00
   1.9357796e+00
  -1.0498918e+01
  -8.6497204e+00
  -1.6678998e+01
  -9.2042469e+00
  -2.0176756e-01
   7.3868433e-01
  -1.8929815e+01
   5.4970059e+00
  -2.1736298e+01
  -1.4684974e+01
  -1.4171117e+01
  -5.3025642e+00
  -6.2063659e+00
   2.9397397e+00
  -8.4248865e+00
   4.7934532e+00
  -1.3085588e+01
  -2.3669844e+00
  -3.0767511e+01
   1.8565679e+01
   1.7210758e+01
  -8.1864002e+00
  -6.5714234e+00
  -9.9880403e+00
  -1.6288884e+01
  -6.3726520e+00
  -2.1617316e+01
  -1.4549841e+00
   1.0807770e+01
   9.6803956e-01
  -2.8028237e+01
  -2.7539733e+00
  -4.5180512e+00
  -1.8844640e+01
  -1.5145589e+01
   4.8452856e+00
   2.6178268e+00
  -4.2580524e+00
  -8.8359316e+00
  -1.1836338e+01
  -1.9709318e+01
  -4.5608642e+00
  -1.3600002e+01
   6.1650125e+00
  -1.0533744e+01
  -1.2961253e+00
  -1.0527184e+01
  -6.8521480e-01
